[gd_scene load_steps=40 format=3 uid="uid://clbhy8rora05f"]

[ext_resource type="PackedScene" uid="uid://8xryiyqywwk0" path="res://assets/mesh/level_design/mesh_fountain.blend" id="1_xjuuk"]
[ext_resource type="Script" path="res://scenes/level/level.gd" id="2_mcqjm"]
[ext_resource type="PackedScene" uid="uid://b83v1plx4lqpw" path="res://scenes/leaf/leaf_populator.tscn" id="3_atajh"]
[ext_resource type="Texture2D" uid="uid://dqj56pye2mtt7" path="res://assets/texture/leaf_map/texture_leafmap_fountain_1.png" id="4_h57q1"]
[ext_resource type="Texture2D" uid="uid://calp0mb2ip1sp" path="res://assets/texture/leaf_map/texture_leafmap_fountain_1_heightmap.png" id="5_tp8bi"]
[ext_resource type="Material" uid="uid://cjtw4ylyq480t" path="res://resource/material/material_stone_pavement.tres" id="6_i44yf"]
[ext_resource type="Material" uid="uid://c4kdvxtxf6qht" path="res://resource/material/material_grass_1.tres" id="7_e3bhq"]
[ext_resource type="PackedScene" uid="uid://kpwwl8o1ui05" path="res://scenes/prop/street_light/prop_street_light_bright.tscn" id="8_4apcy"]
[ext_resource type="Environment" uid="uid://2i6l3m3u6pj8" path="res://resource/environment_night_autumn.tres" id="8_jvlfx"]
[ext_resource type="Material" uid="uid://mrdkkmwqr7ls" path="res://resource/material/material_metal_1.tres" id="8_pnt3p"]
[ext_resource type="PackedScene" uid="uid://ctyas8et4qqpd" path="res://scenes/prop/fountain/prop_fountain.tscn" id="9_prqfa"]
[ext_resource type="PackedScene" uid="uid://dnss0alvnnk7s" path="res://scenes/prop/floor_light/floor_light.tscn" id="10_a6k3f"]
[ext_resource type="PackedScene" uid="uid://bod4t1bel2nh5" path="res://scenes/fx/clouds/clouds.tscn" id="11_1tje8"]
[ext_resource type="PackedScene" uid="uid://d11xopjdvpgrw" path="res://scenes/prop/trees/tree/tree_2.tscn" id="11_3k4e7"]
[ext_resource type="PackedScene" uid="uid://dhfjydch4ru0a" path="res://scenes/prop/pavement_border/pavement_border.tscn" id="11_weksr"]
[ext_resource type="Material" uid="uid://s3fb87n24665" path="res://resource/clouds.tres" id="12_3ydgt"]
[ext_resource type="PackedScene" uid="uid://u8sbqvfha382" path="res://scenes/prop/bench/prop_bench_1.tscn" id="12_nl2vj"]
[ext_resource type="PackedScene" uid="uid://ctyhi8e1hg8lo" path="res://scenes/prop/trees/tree/tree_1.tscn" id="12_uxidk"]
[ext_resource type="PackedScene" uid="uid://ffbredvleqm0" path="res://scenes/prop/gomibako/prop_gomibako_1.tscn" id="13_c1qmj"]
[ext_resource type="PackedScene" uid="uid://md5uhgbmh0xe" path="res://scenes/prop/trees/distant_trees/distant_tree_1.tscn" id="18_mqfjg"]
[ext_resource type="PackedScene" uid="uid://ddgmchmxxip1u" path="res://scenes/prop/trees/distant_trees/distant_tree_2.tscn" id="19_jttsp"]
[ext_resource type="AudioStream" uid="uid://yl7x6xjloexs" path="res://assets/audio/ambience_fountain_1.mp3" id="19_uyx2i"]
[ext_resource type="PackedScene" uid="uid://rm5a6ecdakfl" path="res://scenes/prop/trees/very_distant_trees/very_distant_tree_1.tscn" id="20_2yfdt"]
[ext_resource type="Texture2D" uid="uid://d03re0m8jldqt" path="res://assets/texture/environment/texture_ornament_1_albm.png" id="22_6rqgb"]
[ext_resource type="Material" uid="uid://bh0pfkgtt4ll5" path="res://resource/material/material_concrete_1.tres" id="23_0eb3w"]
[ext_resource type="Texture2D" uid="uid://c3r3q4eduupr8" path="res://assets/texture/environment/texture_brushstrokes_nrmp.png" id="23_a2mqs"]
[ext_resource type="PackedScene" uid="uid://dfu5idnqbw6ta" path="res://scenes/prop/horizon/horizon_city.tscn" id="28_h3nsr"]
[ext_resource type="PackedScene" uid="uid://d1pkstxa0k3lv" path="res://scenes/prop/horizon/horizon_trees.tscn" id="29_f8018"]
[ext_resource type="Texture2D" uid="uid://c4iot32vjvrln" path="res://assets/texture/environment/texture_horizon_1.png" id="30_qsph0"]
[ext_resource type="Texture2D" uid="uid://d3qw3bxoa8tck" path="res://assets/texture/environment/texture_horizon_close_1.png" id="31_r0mfe"]

[sub_resource type="PlaneMesh" id="PlaneMesh_rks30"]
material = ExtResource("12_3ydgt")
size = Vector2(4096, 4096)

[sub_resource type="QuadMesh" id="QuadMesh_3ax0f"]

[sub_resource type="StandardMaterial3D" id="StandardMaterial3D_qb05a"]
transparency = 1
albedo_color = Color(1, 0.931, 0.54, 1)
albedo_texture = ExtResource("22_6rqgb")
metallic = 0.85
metallic_specular = 0.76
roughness = 0.41
emission_enabled = true
emission = Color(0.489691, 0.164215, 0.133248, 1)
normal_enabled = true
normal_texture = ExtResource("23_a2mqs")

[sub_resource type="CompressedTexture2D" id="CompressedTexture2D_p7tok"]
load_path = "res://.godot/imported/texture_horizon_city_1.png-dbfc96d97f7955de077204008dec70b0.ctex"

[sub_resource type="StandardMaterial3D" id="StandardMaterial3D_l8kjq"]
transparency = 1
albedo_color = Color(1, 1, 1, 0.768627)
albedo_texture = SubResource("CompressedTexture2D_p7tok")
uv1_scale = Vector3(1, 1.965, 1)
uv1_triplanar = true

[sub_resource type="StandardMaterial3D" id="StandardMaterial3D_x4arb"]
transparency = 2
alpha_scissor_threshold = 0.5
alpha_antialiasing_mode = 0
albedo_texture = ExtResource("30_qsph0")
uv1_scale = Vector3(2, 1.95, 2)
uv1_triplanar = true

[sub_resource type="PlaneMesh" id="PlaneMesh_5qsqj"]
size = Vector2(64, 16)

[sub_resource type="StandardMaterial3D" id="StandardMaterial3D_o3dq1"]
transparency = 1
diffuse_mode = 3
specular_mode = 2
albedo_texture = ExtResource("31_r0mfe")

[sub_resource type="BoxShape3D" id="BoxShape3D_nd7yu"]
size = Vector3(1, 16.5, 60)

[node name="LevelFountain" node_paths=PackedStringArray("leaf_populator", "player_spawn_position") instance=ExtResource("1_xjuuk")]
script = ExtResource("2_mcqjm")
leaf_populator = NodePath("LeafPopulator")
player_spawn_position = NodePath("Marker3D")

[node name="LeafPopulator" parent="." index="0" instance=ExtResource("3_atajh")]
leavesPerPixel = 64
leafmap = ExtResource("4_h57q1")
heightmap = ExtResource("5_tp8bi")

[node name="Marker3D" type="Marker3D" parent="." index="1"]
transform = Transform3D(1, 0, 0, 0, 1, 0, 0, 0, 1, 30, 1, 56)

[node name="Pavement" parent="." index="3" groups=["Material-Concrete"]]
surface_material_override/0 = ExtResource("6_i44yf")

[node name="Grass" parent="." index="4" groups=["Material-Grass"]]
surface_material_override/0 = ExtResource("7_e3bhq")

[node name="Grass " parent="." index="5" groups=["Material-Grass"]]

[node name="Pavement " parent="." index="6" groups=["Material-Concrete"]]

[node name="Fence1" parent="." index="7"]
surface_material_override/0 = ExtResource("8_pnt3p")

[node name="Light" type="Node3D" parent="." index="8"]

[node name="OmniLight3D" type="OmniLight3D" parent="Light" index="0"]
transform = Transform3D(1, 0, 0, 0, 1, 0, 0, 0, 1, 30, 7.57482, 30)
light_color = Color(0.86, 0.609167, 0.43, 1)
light_energy = 5.0
light_specular = 4.0
light_bake_mode = 1
shadow_enabled = true
shadow_opacity = 0.65
omni_range = 18.845
omni_attenuation = 0.68

[node name="OmniLight3D2" type="OmniLight3D" parent="Light" index="1"]
transform = Transform3D(1, 0, 0, 0, 1, 0, 0, 0, 1, 53, 4, 30)
light_color = Color(0.86, 0.609167, 0.43, 1)
light_energy = 2.0
light_specular = 2.0
light_bake_mode = 1
shadow_opacity = 0.65
omni_range = 16.0
omni_attenuation = 0.365

[node name="OmniLight3D3" type="OmniLight3D" parent="Light" index="2"]
transform = Transform3D(1, 0, 0, 0, 1, 0, 0, 0, 1, 7, 4, 30)
light_color = Color(0.86, 0.609167, 0.43, 1)
light_energy = 2.0
light_specular = 2.0
light_bake_mode = 1
shadow_opacity = 0.65
omni_range = 16.0
omni_attenuation = 0.365

[node name="OmniLight3D4" type="OmniLight3D" parent="Light" index="3"]
transform = Transform3D(1, 0, 0, 0, 1, 0, 0, 0, 1, 30, 4, 53)
light_color = Color(0.86, 0.609167, 0.43, 1)
light_energy = 2.0
light_specular = 2.0
light_bake_mode = 1
shadow_opacity = 0.65
omni_range = 16.0
omni_attenuation = 0.365

[node name="OmniLight3D5" type="OmniLight3D" parent="Light" index="4"]
transform = Transform3D(1, 0, 0, 0, 1, 0, 0, 0, 1, 30, 4, 7)
light_color = Color(0.86, 0.609167, 0.43, 1)
light_energy = 2.0
light_specular = 2.0
light_bake_mode = 1
shadow_opacity = 0.65
omni_range = 16.0
omni_attenuation = 0.365

[node name="Prop" type="Node3D" parent="." index="9"]

[node name="PropStreetLight" parent="Prop" index="0" instance=ExtResource("8_4apcy")]
transform = Transform3D(1, 0, 0, 0, 1, 0, 0, 0, 1, 25, 0, 2)

[node name="PropStreetLight2" parent="Prop" index="1" instance=ExtResource("8_4apcy")]
transform = Transform3D(1, 0, 0, 0, 1, 0, 0, 0, 1, 25, 0, 6)

[node name="PropStreetLight3" parent="Prop" index="2" instance=ExtResource("8_4apcy")]
transform = Transform3D(1, 0, 0, 0, 1, 0, 0, 0, 1, 25, 0, 10)

[node name="PropStreetLight4" parent="Prop" index="3" instance=ExtResource("8_4apcy")]
transform = Transform3D(1, 0, 0, 0, 1, 0, 0, 0, 1, 25, 0, 14)

[node name="PropStreetLight5" parent="Prop" index="4" instance=ExtResource("8_4apcy")]
transform = Transform3D(1, 0, 0, 0, 1, 0, 0, 0, 1, 18, 0, 17.5)

[node name="PropStreetLight6" parent="Prop" index="5" instance=ExtResource("8_4apcy")]
transform = Transform3D(1, 0, 0, 0, 1, 0, 0, 0, 1, 21.5, 0, 15.5)

[node name="PropStreetLight7" parent="Prop" index="6" instance=ExtResource("8_4apcy")]
transform = Transform3D(1, 0, 0, 0, 1, 0, 0, 0, 1, 15.5, 0, 21)

[node name="PropStreetLight8" parent="Prop" index="7" instance=ExtResource("8_4apcy")]
transform = Transform3D(1, 0, 0, 0, 1, 0, 0, 0, 1, 13.5, 0, 25)

[node name="PropStreetLight9" parent="Prop" index="8" instance=ExtResource("8_4apcy")]
transform = Transform3D(1, 0, 0, 0, 1, 0, 0, 0, 1, 9.5, 0, 25)

[node name="PropStreetLight10" parent="Prop" index="9" instance=ExtResource("8_4apcy")]
transform = Transform3D(1, 0, 0, 0, 1, 0, 0, 0, 1, 5.5, 0, 25)

[node name="PropStreetLight11" parent="Prop" index="10" instance=ExtResource("8_4apcy")]
transform = Transform3D(1, 0, 0, 0, 1, 0, 0, 0, 1, 1.5, 0, 25)

[node name="PropStreetLight12" parent="Prop" index="11" instance=ExtResource("8_4apcy")]
transform = Transform3D(-4.37114e-08, 0, -1, 0, 1, 0, 1, 0, -4.37114e-08, 58.2273, 0, 25.0909)

[node name="PropStreetLight13" parent="Prop" index="12" instance=ExtResource("8_4apcy")]
transform = Transform3D(-4.37114e-08, 0, -1, 0, 1, 0, 1, 0, -4.37114e-08, 54.2273, 0, 25.0909)

[node name="PropStreetLight14" parent="Prop" index="13" instance=ExtResource("8_4apcy")]
transform = Transform3D(-4.37114e-08, 0, -1, 0, 1, 0, 1, 0, -4.37114e-08, 50.2273, 0, 25.0909)

[node name="PropStreetLight15" parent="Prop" index="14" instance=ExtResource("8_4apcy")]
transform = Transform3D(-4.37114e-08, 0, -1, 0, 1, 0, 1, 0, -4.37114e-08, 46.2273, 0, 25.0909)

[node name="PropStreetLight16" parent="Prop" index="15" instance=ExtResource("8_4apcy")]
transform = Transform3D(-4.37114e-08, 0, -1, 0, 1, 0, 1, 0, -4.37114e-08, 42.7273, 0, 18.0909)

[node name="PropStreetLight17" parent="Prop" index="16" instance=ExtResource("8_4apcy")]
transform = Transform3D(-4.37114e-08, 0, -1, 0, 1, 0, 1, 0, -4.37114e-08, 44.7273, 0, 21.5909)

[node name="PropStreetLight18" parent="Prop" index="17" instance=ExtResource("8_4apcy")]
transform = Transform3D(-4.37114e-08, 0, -1, 0, 1, 0, 1, 0, -4.37114e-08, 39.2273, 0, 15.5909)

[node name="PropStreetLight19" parent="Prop" index="18" instance=ExtResource("8_4apcy")]
transform = Transform3D(-4.37114e-08, 0, -1, 0, 1, 0, 1, 0, -4.37114e-08, 35.2273, 0, 13.5909)

[node name="PropStreetLight20" parent="Prop" index="19" instance=ExtResource("8_4apcy")]
transform = Transform3D(-4.37114e-08, 0, -1, 0, 1, 0, 1, 0, -4.37114e-08, 35.2273, 0, 9.59091)

[node name="PropStreetLight21" parent="Prop" index="20" instance=ExtResource("8_4apcy")]
transform = Transform3D(-4.37114e-08, 0, -1, 0, 1, 0, 1, 0, -4.37114e-08, 35.2273, 0, 5.59091)

[node name="PropStreetLight22" parent="Prop" index="21" instance=ExtResource("8_4apcy")]
transform = Transform3D(-4.37114e-08, 0, -1, 0, 1, 0, 1, 0, -4.37114e-08, 35.2273, 0, 1.59091)

[node name="PropStreetLight23" parent="Prop" index="22" instance=ExtResource("8_4apcy")]
transform = Transform3D(-1, 0, -8.74228e-08, 0, 1, 0, 8.74228e-08, 0, -1, 35.1364, 0, 58.3182)

[node name="PropStreetLight24" parent="Prop" index="23" instance=ExtResource("8_4apcy")]
transform = Transform3D(-1, 0, -8.74228e-08, 0, 1, 0, 8.74228e-08, 0, -1, 35.1364, 0, 54.3182)

[node name="PropStreetLight25" parent="Prop" index="24" instance=ExtResource("8_4apcy")]
transform = Transform3D(-1, 0, -8.74228e-08, 0, 1, 0, 8.74228e-08, 0, -1, 35.1364, 0, 50.3182)

[node name="PropStreetLight26" parent="Prop" index="25" instance=ExtResource("8_4apcy")]
transform = Transform3D(-1, 0, -8.74228e-08, 0, 1, 0, 8.74228e-08, 0, -1, 35.1364, 0, 46.3182)

[node name="PropStreetLight27" parent="Prop" index="26" instance=ExtResource("8_4apcy")]
transform = Transform3D(-1, 0, -8.74228e-08, 0, 1, 0, 8.74228e-08, 0, -1, 42.1364, 0, 42.8182)

[node name="PropStreetLight28" parent="Prop" index="27" instance=ExtResource("8_4apcy")]
transform = Transform3D(-1, 0, -8.74228e-08, 0, 1, 0, 8.74228e-08, 0, -1, 38.6364, 0, 44.8182)

[node name="PropStreetLight29" parent="Prop" index="28" instance=ExtResource("8_4apcy")]
transform = Transform3D(-1, 0, -8.74228e-08, 0, 1, 0, 8.74228e-08, 0, -1, 44.6364, 0, 39.3182)

[node name="PropStreetLight30" parent="Prop" index="29" instance=ExtResource("8_4apcy")]
transform = Transform3D(-1, 0, -8.74228e-08, 0, 1, 0, 8.74228e-08, 0, -1, 46.6364, 0, 35.3182)

[node name="PropStreetLight31" parent="Prop" index="30" instance=ExtResource("8_4apcy")]
transform = Transform3D(-1, 0, -8.74228e-08, 0, 1, 0, 8.74228e-08, 0, -1, 50.6364, 0, 35.3182)

[node name="PropStreetLight32" parent="Prop" index="31" instance=ExtResource("8_4apcy")]
transform = Transform3D(-1, 0, -8.74228e-08, 0, 1, 0, 8.74228e-08, 0, -1, 54.6364, 0, 35.3182)

[node name="PropStreetLight33" parent="Prop" index="32" instance=ExtResource("8_4apcy")]
transform = Transform3D(-1, 0, -8.74228e-08, 0, 1, 0, 8.74228e-08, 0, -1, 58.6364, 0, 35.3182)

[node name="PropStreetLight34" parent="Prop" index="33" instance=ExtResource("8_4apcy")]
transform = Transform3D(-4.37114e-08, 0, 1, 0, 1, 0, -1, 0, -4.37114e-08, 1.9091, 0, 35.2273)

[node name="PropStreetLight35" parent="Prop" index="34" instance=ExtResource("8_4apcy")]
transform = Transform3D(-4.37114e-08, 0, 1, 0, 1, 0, -1, 0, -4.37114e-08, 5.9091, 0, 35.2273)

[node name="PropStreetLight36" parent="Prop" index="35" instance=ExtResource("8_4apcy")]
transform = Transform3D(-4.37114e-08, 0, 1, 0, 1, 0, -1, 0, -4.37114e-08, 9.9091, 0, 35.2273)

[node name="PropStreetLight37" parent="Prop" index="36" instance=ExtResource("8_4apcy")]
transform = Transform3D(-4.37114e-08, 0, 1, 0, 1, 0, -1, 0, -4.37114e-08, 13.9091, 0, 35.2273)

[node name="PropStreetLight38" parent="Prop" index="37" instance=ExtResource("8_4apcy")]
transform = Transform3D(-4.37114e-08, 0, 1, 0, 1, 0, -1, 0, -4.37114e-08, 17.4091, 0, 42.2273)

[node name="PropStreetLight39" parent="Prop" index="38" instance=ExtResource("8_4apcy")]
transform = Transform3D(-4.37114e-08, 0, 1, 0, 1, 0, -1, 0, -4.37114e-08, 15.4091, 0, 38.7273)

[node name="PropStreetLight40" parent="Prop" index="39" instance=ExtResource("8_4apcy")]
transform = Transform3D(-4.37114e-08, 0, 1, 0, 1, 0, -1, 0, -4.37114e-08, 20.9091, 0, 44.7273)

[node name="PropStreetLight41" parent="Prop" index="40" instance=ExtResource("8_4apcy")]
transform = Transform3D(-4.37114e-08, 0, 1, 0, 1, 0, -1, 0, -4.37114e-08, 24.9091, 0, 46.7273)

[node name="PropStreetLight42" parent="Prop" index="41" instance=ExtResource("8_4apcy")]
transform = Transform3D(-4.37114e-08, 0, 1, 0, 1, 0, -1, 0, -4.37114e-08, 24.9091, 0, 50.7273)

[node name="PropStreetLight43" parent="Prop" index="42" instance=ExtResource("8_4apcy")]
transform = Transform3D(-4.37114e-08, 0, 1, 0, 1, 0, -1, 0, -4.37114e-08, 24.9091, 0, 54.7273)

[node name="PropStreetLight44" parent="Prop" index="43" instance=ExtResource("8_4apcy")]
transform = Transform3D(-4.37114e-08, 0, 1, 0, 1, 0, -1, 0, -4.37114e-08, 24.9091, 0, 58.7273)

[node name="Fountain" parent="Prop" index="44" instance=ExtResource("9_prqfa")]
transform = Transform3D(1, 0, 0, 0, 1, 0, 0, 0, 1, 30, -0.444682, 30)

[node name="FloorLight" parent="Prop" index="45" instance=ExtResource("10_a6k3f")]
transform = Transform3D(3, 0, 0, 0, 3, 0, 0, 0, 3, 30, -0.0619707, 25)

[node name="FloorLight2" parent="Prop" index="46" instance=ExtResource("10_a6k3f")]
transform = Transform3D(3, 0, 0, 0, 3, 0, 0, 0, 3, 30, -0.0619707, 35)

[node name="FloorLight3" parent="Prop" index="47" instance=ExtResource("10_a6k3f")]
transform = Transform3D(3, 0, 0, 0, 3, 0, 0, 0, 3, 35, -0.0619707, 30)

[node name="FloorLight4" parent="Prop" index="48" instance=ExtResource("10_a6k3f")]
transform = Transform3D(3, 0, 0, 0, 3, 0, 0, 0, 3, 25, -0.0619707, 30)

[node name="FloorLight5" parent="Prop" index="49" instance=ExtResource("10_a6k3f")]
transform = Transform3D(3, 0, 0, 0, 3, 0, 0, 0, 3, 33.5, -0.0619707, 26.5)

[node name="FloorLight6" parent="Prop" index="50" instance=ExtResource("10_a6k3f")]
transform = Transform3D(3, 0, 0, 0, 3, 0, 0, 0, 3, 26.5, -0.0619707, 26.5)

[node name="FloorLight7" parent="Prop" index="51" instance=ExtResource("10_a6k3f")]
transform = Transform3D(3, 0, 0, 0, 3, 0, 0, 0, 3, 26.5, -0.0619707, 33.5)

[node name="FloorLight9" parent="Prop" index="52" instance=ExtResource("10_a6k3f")]
transform = Transform3D(3, 0, 0, 0, 3, 0, 0, 0, 3, 33.5, -0.0619707, 33.5)

[node name="FloorLight10" parent="Prop" index="53" instance=ExtResource("10_a6k3f")]
transform = Transform3D(3, 0, 0, 0, 3, 0, 0, 0, 3, 31.817, -0.0619707, 25.549)

[node name="FloorLight11" parent="Prop" index="54" instance=ExtResource("10_a6k3f")]
transform = Transform3D(3, 0, 0, 0, 3, 0, 0, 0, 3, 34.4323, -0.0619707, 28.085)

[node name="FloorLight12" parent="Prop" index="55" instance=ExtResource("10_a6k3f")]
transform = Transform3D(3, 0, 0, 0, 3, 0, 0, 0, 3, 34.4323, -0.0619707, 31.9155)

[node name="FloorLight13" parent="Prop" index="56" instance=ExtResource("10_a6k3f")]
transform = Transform3D(3, 0, 0, 0, 3, 0, 0, 0, 3, 31.9227, -0.0619707, 34.4251)

[node name="FloorLight14" parent="Prop" index="57" instance=ExtResource("10_a6k3f")]
transform = Transform3D(3, 0, 0, 0, 3, 0, 0, 0, 3, 28.0922, -0.0619707, 34.4251)

[node name="FloorLight15" parent="Prop" index="58" instance=ExtResource("10_a6k3f")]
transform = Transform3D(3, 0, 0, 0, 3, 0, 0, 0, 3, 25.5374, -0.0619707, 31.7834)

[node name="FloorLight16" parent="Prop" index="59" instance=ExtResource("10_a6k3f")]
transform = Transform3D(3, 0, 0, 0, 3, 0, 0, 0, 3, 25.5374, -0.0619707, 28.2834)

[node name="FloorLight17" parent="Prop" index="60" instance=ExtResource("10_a6k3f")]
transform = Transform3D(3, 0, 0, 0, 3, 0, 0, 0, 3, 28.0471, -0.0619707, 25.5889)

[node name="PavementBorder" parent="Prop" index="61" instance=ExtResource("11_weksr")]
transform = Transform3D(1, 0, 0, 0, 1, 0, 0, 0, 1, 0.88274, 0, 25.7991)

[node name="PavementBorder4" parent="Prop" index="62" instance=ExtResource("11_weksr")]
transform = Transform3D(1, 0, 0, 0, 1, 0, 0, 0, 1, 6.38274, 0, 25.7991)

[node name="PavementBorder5" parent="Prop" index="63" instance=ExtResource("11_weksr")]
transform = Transform3D(1, 0, 0, 0, 1, 0, 0, 0, 1, 8.1994, 0, 25.7991)

[node name="PavementBorder6" parent="Prop" index="64" instance=ExtResource("11_weksr")]
transform = Transform3D(1, 0, 0, 0, 1, 0, 0, 0, 1, 10.0058, 0, 25.7991)

[node name="PavementBorder7" parent="Prop" index="65" instance=ExtResource("11_weksr")]
transform = Transform3D(0.998058, 0, -0.0622854, 0, 1, 0, 0.0622854, 0, 0.998058, 11.8372, 0, 25.7991)

[node name="PavementBorder8" parent="Prop" index="66" instance=ExtResource("11_weksr")]
transform = Transform3D(0.992726, 0, 0.120397, 0, 1, 0, -0.120397, 0, 0.992726, 13.6863, 0, 25.7991)

[node name="PavementBorder9" parent="Prop" index="67" instance=ExtResource("11_weksr")]
transform = Transform3D(0.61683, 0, 0.787097, 0, 1, 0, -0.787097, 0, 0.61683, 15.1335, 0, 24.9612)

[node name="PavementBorder10" parent="Prop" index="68" instance=ExtResource("11_weksr")]
transform = Transform3D(0.483955, 0, 0.875093, 0, 1, 0, -0.875093, 0, 0.483955, 16.0968, 0, 23.4262)

[node name="PavementBorder11" parent="Prop" index="69" instance=ExtResource("11_weksr")]
transform = Transform3D(0.483955, 0, 0.875093, 0, 1, 0, -0.875093, 0, 0.483955, 16.958, 0, 21.7816)

[node name="PavementBorder12" parent="Prop" index="70" instance=ExtResource("11_weksr")]
transform = Transform3D(0.483955, 0, 0.875093, 0, 1, 0, -0.875093, 0, 0.483955, 17.8641, 0, 20.2073)

[node name="PavementBorder13" parent="Prop" index="71" instance=ExtResource("11_weksr")]
transform = Transform3D(0.688, 0, 0.725711, 0, 1, 0, -0.725711, 0, 0.688, 18.9083, 0, 18.8094)

[node name="PavementBorder14" parent="Prop" index="72" instance=ExtResource("11_weksr")]
transform = Transform3D(0.872718, 0, 0.488225, 0, 1, 0, -0.488225, 0, 0.872718, 20.366, 0, 17.6865)

[node name="PavementBorder15" parent="Prop" index="73" instance=ExtResource("11_weksr")]
transform = Transform3D(0.872718, 0, 0.488225, 0, 1, 0, -0.488225, 0, 0.872718, 21.98, 0, 16.7901)

[node name="PavementBorder16" parent="Prop" index="74" instance=ExtResource("11_weksr")]
transform = Transform3D(0.854559, 0, 0.519355, 0, 1, 0, -0.519355, 0, 0.854559, 23.5398, 0, 15.8818)

[node name="PavementBorder17" parent="Prop" index="75" instance=ExtResource("11_weksr")]
transform = Transform3D(0.818561, 0, 0.57442, 0, 1, 0, -0.57442, 0, 0.818561, 25.1074, 0, 14.8845)

[node name="PavementBorder18" parent="Prop" index="76" instance=ExtResource("11_weksr")]
transform = Transform3D(0.0442818, 0, 0.999019, 0, 1, 0, -0.999019, 0, 0.0442818, 25.7867, 0, 13.4855)

[node name="PavementBorder19" parent="Prop" index="77" instance=ExtResource("11_weksr")]
transform = Transform3D(-0.0585748, 0, 0.998283, 0, 1, 0, -0.998283, 0, -0.0585748, 25.8255, 0, 11.6991)

[node name="PavementBorder20" parent="Prop" index="78" instance=ExtResource("11_weksr")]
transform = Transform3D(0.0798682, 0, 0.996805, 0, 1, 0, -0.996805, 0, 0.0798682, 25.8326, 0, 9.83758)

[node name="PavementBorder21" parent="Prop" index="79" instance=ExtResource("11_weksr")]
transform = Transform3D(-0.0358066, 0, 0.999359, 0, 1, 0, -0.999359, 0, -0.0358066, 25.9295, 0, 8.04587)

[node name="PavementBorder22" parent="Prop" index="80" instance=ExtResource("11_weksr")]
transform = Transform3D(0.100466, 0, 0.994941, 0, 1, 0, -0.994941, 0, 0.100466, 25.9551, 0, 6.26821)

[node name="PavementBorder23" parent="Prop" index="81" instance=ExtResource("11_weksr")]
transform = Transform3D(-0.0628081, 0, 0.998026, 0, 1, 0, -0.998026, 0, -0.0628081, 26.0619, 0, 4.52086)

[node name="PavementBorder24" parent="Prop" index="82" instance=ExtResource("11_weksr")]
transform = Transform3D(0.0220241, 0, 0.999757, 0, 1, 0, -0.999757, 0, 0.0220241, 26.0619, 0, 2.8351)

[node name="PavementBorder25" parent="Prop" index="83" instance=ExtResource("11_weksr")]
transform = Transform3D(-0.0281835, 0, 0.999603, 0, 1, 0, -0.999603, 0, -0.0281835, 26.0619, 0, 1.06001)

[node name="PavementBorder3" parent="Prop" index="84" instance=ExtResource("11_weksr")]
transform = Transform3D(0.99036, 0, 0.138516, 0, 1, 0, -0.138516, 0, 0.99036, 4.61646, 0, 25.7991)

[node name="PavementBorder2" parent="Prop" index="85" instance=ExtResource("11_weksr")]
transform = Transform3D(0.981541, 0, -0.191254, 0, 1, 0, 0.191254, 0, 0.981541, 2.78031, 0, 25.7991)

[node name="PavementBorder26" parent="Prop" index="86" instance=ExtResource("11_weksr")]
transform = Transform3D(-4.37114e-08, 0, -1, 0, 1, 0, 1, 0, -4.37114e-08, 34.1843, 0, 0.751297)

[node name="PavementBorder27" parent="Prop" index="87" instance=ExtResource("11_weksr")]
transform = Transform3D(-4.37114e-08, 0, -1, 0, 1, 0, 1, 0, -4.37114e-08, 34.1843, 0, 6.2513)

[node name="PavementBorder28" parent="Prop" index="88" instance=ExtResource("11_weksr")]
transform = Transform3D(-4.37114e-08, 0, -1, 0, 1, 0, 1, 0, -4.37114e-08, 34.1843, 0, 8.06796)

[node name="PavementBorder29" parent="Prop" index="89" instance=ExtResource("11_weksr")]
transform = Transform3D(-4.37114e-08, 0, -1, 0, 1, 0, 1, 0, -4.37114e-08, 34.1843, 0, 9.87439)

[node name="PavementBorder30" parent="Prop" index="90" instance=ExtResource("11_weksr")]
transform = Transform3D(-0.0622854, 0, -0.998058, 0, 1, 0, 0.998058, 0, -0.0622854, 34.1843, 0, 11.7057)

[node name="PavementBorder31" parent="Prop" index="91" instance=ExtResource("11_weksr")]
transform = Transform3D(0.120397, 0, -0.992726, 0, 1, 0, 0.992726, 0, 0.120397, 34.1843, 0, 13.5549)

[node name="PavementBorder32" parent="Prop" index="92" instance=ExtResource("11_weksr")]
transform = Transform3D(0.787097, 0, -0.61683, 0, 1, 0, 0.61683, 0, 0.787097, 35.0222, 0, 15.0021)

[node name="PavementBorder33" parent="Prop" index="93" instance=ExtResource("11_weksr")]
transform = Transform3D(0.875093, 0, -0.483955, 0, 1, 0, 0.483955, 0, 0.875093, 36.5572, 0, 15.9653)

[node name="PavementBorder34" parent="Prop" index="94" instance=ExtResource("11_weksr")]
transform = Transform3D(0.875093, 0, -0.483955, 0, 1, 0, 0.483955, 0, 0.875093, 38.2018, 0, 16.8266)

[node name="PavementBorder35" parent="Prop" index="95" instance=ExtResource("11_weksr")]
transform = Transform3D(0.875093, 0, -0.483955, 0, 1, 0, 0.483955, 0, 0.875093, 39.7761, 0, 17.7326)

[node name="PavementBorder36" parent="Prop" index="96" instance=ExtResource("11_weksr")]
transform = Transform3D(0.725711, 0, -0.688, 0, 1, 0, 0.688, 0, 0.725711, 41.174, 0, 18.7769)

[node name="PavementBorder37" parent="Prop" index="97" instance=ExtResource("11_weksr")]
transform = Transform3D(0.488225, 0, -0.872718, 0, 1, 0, 0.872718, 0, 0.488225, 42.2969, 0, 20.2346)

[node name="PavementBorder38" parent="Prop" index="98" instance=ExtResource("11_weksr")]
transform = Transform3D(0.488225, 0, -0.872718, 0, 1, 0, 0.872718, 0, 0.488225, 43.1933, 0, 21.8486)

[node name="PavementBorder39" parent="Prop" index="99" instance=ExtResource("11_weksr")]
transform = Transform3D(0.519355, 0, -0.854559, 0, 1, 0, 0.854559, 0, 0.519355, 44.1016, 0, 23.4083)

[node name="PavementBorder40" parent="Prop" index="100" instance=ExtResource("11_weksr")]
transform = Transform3D(0.57442, 0, -0.818561, 0, 1, 0, 0.818561, 0, 0.57442, 45.0989, 0, 24.9759)

[node name="PavementBorder41" parent="Prop" index="101" instance=ExtResource("11_weksr")]
transform = Transform3D(0.999019, 0, -0.0442819, 0, 1, 0, 0.0442819, 0, 0.999019, 46.4979, 0, 25.6553)

[node name="PavementBorder42" parent="Prop" index="102" instance=ExtResource("11_weksr")]
transform = Transform3D(0.998283, 0, 0.0585747, 0, 1, 0, -0.0585747, 0, 0.998283, 48.2843, 0, 25.694)

[node name="PavementBorder43" parent="Prop" index="103" instance=ExtResource("11_weksr")]
transform = Transform3D(0.996805, 0, -0.0798683, 0, 1, 0, 0.0798683, 0, 0.996805, 50.1458, 0, 25.7012)

[node name="PavementBorder44" parent="Prop" index="104" instance=ExtResource("11_weksr")]
transform = Transform3D(0.999359, 0, 0.0358066, 0, 1, 0, -0.0358066, 0, 0.999359, 51.9375, 0, 25.798)

[node name="PavementBorder45" parent="Prop" index="105" instance=ExtResource("11_weksr")]
transform = Transform3D(0.994941, 0, -0.100466, 0, 1, 0, 0.100466, 0, 0.994941, 53.7152, 0, 25.8236)

[node name="PavementBorder46" parent="Prop" index="106" instance=ExtResource("11_weksr")]
transform = Transform3D(0.998026, 0, 0.062808, 0, 1, 0, -0.062808, 0, 0.998026, 55.4625, 0, 25.9305)

[node name="PavementBorder47" parent="Prop" index="107" instance=ExtResource("11_weksr")]
transform = Transform3D(0.999758, 0, -0.0220242, 0, 1, 0, 0.0220242, 0, 0.999758, 57.1483, 0, 25.9305)

[node name="PavementBorder48" parent="Prop" index="108" instance=ExtResource("11_weksr")]
transform = Transform3D(0.999603, 0, 0.0281834, 0, 1, 0, -0.0281834, 0, 0.999603, 58.9234, 0, 25.9305)

[node name="PavementBorder49" parent="Prop" index="109" instance=ExtResource("11_weksr")]
transform = Transform3D(0.138516, 0, -0.99036, 0, 1, 0, 0.99036, 0, 0.138516, 34.1843, 0, 4.48501)

[node name="PavementBorder50" parent="Prop" index="110" instance=ExtResource("11_weksr")]
transform = Transform3D(-0.191254, 0, -0.981541, 0, 1, 0, 0.981541, 0, -0.191254, 34.1843, 0, 2.64887)

[node name="PavementBorder51" parent="Prop" index="111" instance=ExtResource("11_weksr")]
transform = Transform3D(-1, 0, -8.74228e-08, 0, 1, 0, 8.74228e-08, 0, -1, 59.2321, 0, 34.0813)

[node name="PavementBorder52" parent="Prop" index="112" instance=ExtResource("11_weksr")]
transform = Transform3D(-1, 0, -8.74228e-08, 0, 1, 0, 8.74228e-08, 0, -1, 53.7321, 0, 34.0813)

[node name="PavementBorder53" parent="Prop" index="113" instance=ExtResource("11_weksr")]
transform = Transform3D(-1, 0, -8.74228e-08, 0, 1, 0, 8.74228e-08, 0, -1, 51.9154, 0, 34.0813)

[node name="PavementBorder54" parent="Prop" index="114" instance=ExtResource("11_weksr")]
transform = Transform3D(-1, 0, -8.74228e-08, 0, 1, 0, 8.74228e-08, 0, -1, 50.109, 0, 34.0813)

[node name="PavementBorder55" parent="Prop" index="115" instance=ExtResource("11_weksr")]
transform = Transform3D(-0.998058, 0, 0.0622853, 0, 1, 0, -0.0622853, 0, -0.998058, 48.2777, 0, 34.0813)

[node name="PavementBorder56" parent="Prop" index="116" instance=ExtResource("11_weksr")]
transform = Transform3D(-0.992726, 0, -0.120397, 0, 1, 0, 0.120397, 0, -0.992726, 46.4285, 0, 34.0813)

[node name="PavementBorder57" parent="Prop" index="117" instance=ExtResource("11_weksr")]
transform = Transform3D(-0.61683, 0, -0.787097, 0, 1, 0, 0.787097, 0, -0.61683, 44.9813, 0, 34.9192)

[node name="PavementBorder58" parent="Prop" index="118" instance=ExtResource("11_weksr")]
transform = Transform3D(-0.483954, 0, -0.875093, 0, 1, 0, 0.875093, 0, -0.483954, 44.0181, 0, 36.4542)

[node name="PavementBorder59" parent="Prop" index="119" instance=ExtResource("11_weksr")]
transform = Transform3D(-0.483954, 0, -0.875093, 0, 1, 0, 0.875093, 0, -0.483954, 43.1568, 0, 38.0989)

[node name="PavementBorder60" parent="Prop" index="120" instance=ExtResource("11_weksr")]
transform = Transform3D(-0.483954, 0, -0.875093, 0, 1, 0, 0.875093, 0, -0.483954, 42.2508, 0, 39.6732)

[node name="PavementBorder61" parent="Prop" index="121" instance=ExtResource("11_weksr")]
transform = Transform3D(-0.688, 0, -0.725711, 0, 1, 0, 0.725711, 0, -0.688, 41.2065, 0, 41.071)

[node name="PavementBorder62" parent="Prop" index="122" instance=ExtResource("11_weksr")]
transform = Transform3D(-0.872718, 0, -0.488225, 0, 1, 0, 0.488225, 0, -0.872718, 39.7488, 0, 42.194)

[node name="PavementBorder63" parent="Prop" index="123" instance=ExtResource("11_weksr")]
transform = Transform3D(-0.872718, 0, -0.488225, 0, 1, 0, 0.488225, 0, -0.872718, 38.1349, 0, 43.0904)

[node name="PavementBorder64" parent="Prop" index="124" instance=ExtResource("11_weksr")]
transform = Transform3D(-0.854558, 0, -0.519355, 0, 1, 0, 0.519355, 0, -0.854558, 36.5751, 0, 43.9987)

[node name="PavementBorder65" parent="Prop" index="125" instance=ExtResource("11_weksr")]
transform = Transform3D(-0.818561, 0, -0.57442, 0, 1, 0, 0.57442, 0, -0.818561, 35.0075, 0, 44.9959)

[node name="PavementBorder66" parent="Prop" index="126" instance=ExtResource("11_weksr")]
transform = Transform3D(-0.0442817, 0, -0.999019, 0, 1, 0, 0.999019, 0, -0.0442817, 34.3281, 0, 46.395)

[node name="PavementBorder67" parent="Prop" index="127" instance=ExtResource("11_weksr")]
transform = Transform3D(0.0585748, 0, -0.998283, 0, 1, 0, 0.998283, 0, 0.0585748, 34.2894, 0, 48.1813)

[node name="PavementBorder68" parent="Prop" index="128" instance=ExtResource("11_weksr")]
transform = Transform3D(-0.0798681, 0, -0.996805, 0, 1, 0, 0.996805, 0, -0.0798681, 34.2822, 0, 50.0429)

[node name="PavementBorder69" parent="Prop" index="129" instance=ExtResource("11_weksr")]
transform = Transform3D(0.0358067, 0, -0.999359, 0, 1, 0, 0.999359, 0, 0.0358067, 34.1854, 0, 51.8346)

[node name="PavementBorder70" parent="Prop" index="130" instance=ExtResource("11_weksr")]
transform = Transform3D(-0.100466, 0, -0.994941, 0, 1, 0, 0.994941, 0, -0.100466, 34.1598, 0, 53.6123)

[node name="PavementBorder71" parent="Prop" index="131" instance=ExtResource("11_weksr")]
transform = Transform3D(0.0628082, 0, -0.998026, 0, 1, 0, 0.998026, 0, 0.0628082, 34.0529, 0, 55.3596)

[node name="PavementBorder72" parent="Prop" index="132" instance=ExtResource("11_weksr")]
transform = Transform3D(-0.0220241, 0, -0.999758, 0, 1, 0, 0.999758, 0, -0.0220241, 34.0529, 0, 57.0454)

[node name="PavementBorder73" parent="Prop" index="133" instance=ExtResource("11_weksr")]
transform = Transform3D(0.0281836, 0, -0.999603, 0, 1, 0, 0.999603, 0, 0.0281836, 34.0529, 0, 58.8205)

[node name="PavementBorder74" parent="Prop" index="134" instance=ExtResource("11_weksr")]
transform = Transform3D(-0.99036, 0, -0.138516, 0, 1, 0, 0.138516, 0, -0.99036, 55.4984, 0, 34.0813)

[node name="PavementBorder75" parent="Prop" index="135" instance=ExtResource("11_weksr")]
transform = Transform3D(-0.981541, 0, 0.191254, 0, 1, 0, -0.191254, 0, -0.981541, 57.3345, 0, 34.0813)

[node name="PavementBorder76" parent="Prop" index="136" instance=ExtResource("11_weksr")]
transform = Transform3D(-4.37114e-08, 0, 1, 0, 1, 0, -1, 0, -4.37114e-08, 25.9306, 0, 59.1292)

[node name="PavementBorder77" parent="Prop" index="137" instance=ExtResource("11_weksr")]
transform = Transform3D(-4.37114e-08, 0, 1, 0, 1, 0, -1, 0, -4.37114e-08, 25.9306, 0, 53.6292)

[node name="PavementBorder78" parent="Prop" index="138" instance=ExtResource("11_weksr")]
transform = Transform3D(-4.37114e-08, 0, 1, 0, 1, 0, -1, 0, -4.37114e-08, 25.9306, 0, 51.8125)

[node name="PavementBorder79" parent="Prop" index="139" instance=ExtResource("11_weksr")]
transform = Transform3D(-4.37114e-08, 0, 1, 0, 1, 0, -1, 0, -4.37114e-08, 25.9306, 0, 50.0061)

[node name="PavementBorder80" parent="Prop" index="140" instance=ExtResource("11_weksr")]
transform = Transform3D(0.0622853, 0, 0.998058, 0, 1, 0, -0.998058, 0, 0.0622853, 25.9306, 0, 48.1747)

[node name="PavementBorder81" parent="Prop" index="141" instance=ExtResource("11_weksr")]
transform = Transform3D(-0.120397, 0, 0.992726, 0, 1, 0, -0.992726, 0, -0.120397, 25.9306, 0, 46.3256)

[node name="PavementBorder82" parent="Prop" index="142" instance=ExtResource("11_weksr")]
transform = Transform3D(-0.787097, 0, 0.61683, 0, 1, 0, -0.61683, 0, -0.787097, 25.0927, 0, 44.8784)

[node name="PavementBorder83" parent="Prop" index="143" instance=ExtResource("11_weksr")]
transform = Transform3D(-0.875093, 0, 0.483954, 0, 1, 0, -0.483954, 0, -0.875093, 23.5577, 0, 43.9151)

[node name="PavementBorder84" parent="Prop" index="144" instance=ExtResource("11_weksr")]
transform = Transform3D(-0.875093, 0, 0.483954, 0, 1, 0, -0.483954, 0, -0.875093, 21.913, 0, 43.0539)

[node name="PavementBorder85" parent="Prop" index="145" instance=ExtResource("11_weksr")]
transform = Transform3D(-0.875093, 0, 0.483954, 0, 1, 0, -0.483954, 0, -0.875093, 20.3387, 0, 42.1478)

[node name="PavementBorder86" parent="Prop" index="146" instance=ExtResource("11_weksr")]
transform = Transform3D(-0.725711, 0, 0.688, 0, 1, 0, -0.688, 0, -0.725711, 18.9409, 0, 41.1036)

[node name="PavementBorder87" parent="Prop" index="147" instance=ExtResource("11_weksr")]
transform = Transform3D(-0.488225, 0, 0.872718, 0, 1, 0, -0.872718, 0, -0.488225, 17.8179, 0, 39.6459)

[node name="PavementBorder88" parent="Prop" index="148" instance=ExtResource("11_weksr")]
transform = Transform3D(-0.488225, 0, 0.872718, 0, 1, 0, -0.872718, 0, -0.488225, 16.9215, 0, 38.0319)

[node name="PavementBorder89" parent="Prop" index="149" instance=ExtResource("11_weksr")]
transform = Transform3D(-0.519355, 0, 0.854558, 0, 1, 0, -0.854558, 0, -0.519355, 16.0132, 0, 36.4721)

[node name="PavementBorder90" parent="Prop" index="150" instance=ExtResource("11_weksr")]
transform = Transform3D(-0.57442, 0, 0.818561, 0, 1, 0, -0.818561, 0, -0.57442, 15.016, 0, 34.9045)

[node name="PavementBorder91" parent="Prop" index="151" instance=ExtResource("11_weksr")]
transform = Transform3D(-0.999019, 0, 0.0442818, 0, 1, 0, -0.0442818, 0, -0.999019, 13.6169, 0, 34.2252)

[node name="PavementBorder92" parent="Prop" index="152" instance=ExtResource("11_weksr")]
transform = Transform3D(-0.998283, 0, -0.0585748, 0, 1, 0, 0.0585748, 0, -0.998283, 11.8306, 0, 34.1864)

[node name="PavementBorder93" parent="Prop" index="153" instance=ExtResource("11_weksr")]
transform = Transform3D(-0.996805, 0, 0.0798682, 0, 1, 0, -0.0798682, 0, -0.996805, 9.96902, 0, 34.1793)

[node name="PavementBorder94" parent="Prop" index="154" instance=ExtResource("11_weksr")]
transform = Transform3D(-0.999359, 0, -0.0358067, 0, 1, 0, 0.0358067, 0, -0.999359, 8.17731, 0, 34.0824)

[node name="PavementBorder95" parent="Prop" index="155" instance=ExtResource("11_weksr")]
transform = Transform3D(-0.994941, 0, 0.100466, 0, 1, 0, -0.100466, 0, -0.994941, 6.39965, 0, 34.0568)

[node name="PavementBorder96" parent="Prop" index="156" instance=ExtResource("11_weksr")]
transform = Transform3D(-0.998026, 0, -0.0628081, 0, 1, 0, 0.0628081, 0, -0.998026, 4.65231, 0, 33.95)

[node name="PavementBorder97" parent="Prop" index="157" instance=ExtResource("11_weksr")]
transform = Transform3D(-0.999757, 0, 0.0220241, 0, 1, 0, -0.0220241, 0, -0.999757, 2.96654, 0, 33.95)

[node name="PavementBorder98" parent="Prop" index="158" instance=ExtResource("11_weksr")]
transform = Transform3D(-0.999603, 0, -0.0281835, 0, 1, 0, 0.0281835, 0, -0.999603, 1.19145, 0, 33.95)

[node name="PavementBorder99" parent="Prop" index="159" instance=ExtResource("11_weksr")]
transform = Transform3D(-0.138516, 0, 0.99036, 0, 1, 0, -0.99036, 0, -0.138516, 25.9306, 0, 55.3955)

[node name="PavementBorder100" parent="Prop" index="160" instance=ExtResource("11_weksr")]
transform = Transform3D(0.191254, 0, 0.981541, 0, 1, 0, -0.981541, 0, 0.191254, 25.9306, 0, 57.2316)

[node name="PropBench1" parent="Prop" index="161" instance=ExtResource("12_nl2vj")]
transform = Transform3D(-0.932046, 0, 0.36234, 0, 1, 0, -0.36234, 0, -0.932046, 22.8736, 0, 42.1606)

[node name="PropBench9" parent="Prop" index="162" instance=ExtResource("12_nl2vj")]
transform = Transform3D(0.000732995, 0, 1, 0, 1, 0, -1, 0, 0.000732995, 26.7512, 0, 50.8852)

[node name="PropBench10" parent="Prop" index="163" instance=ExtResource("12_nl2vj")]
transform = Transform3D(-0.000732907, 0, -1, 0, 1, 0, 1, 0, -0.000732907, 33.2512, 0, 50.8852)

[node name="PropBench11" parent="Prop" index="164" instance=ExtResource("12_nl2vj")]
transform = Transform3D(0.000732995, 0, 1, 0, 1, 0, -1, 0, 0.000732995, 26.7512, 0, 10.3852)

[node name="PropBench12" parent="Prop" index="165" instance=ExtResource("12_nl2vj")]
transform = Transform3D(-0.000732907, 0, -1, 0, 1, 0, 1, 0, -0.000732907, 33.2512, 0, 10.3852)

[node name="PropBench13" parent="Prop" index="166" instance=ExtResource("12_nl2vj")]
transform = Transform3D(-1, 0, 0.000732951, 0, 1, 0, -0.000732951, 0, -1, 50.2512, 0, 33.2267)

[node name="PropBench14" parent="Prop" index="167" instance=ExtResource("12_nl2vj")]
transform = Transform3D(1, 0, -0.000732863, 0, 1, 0, 0.000732863, 0, 1, 50.2512, 0, 26.7267)

[node name="PropBench15" parent="Prop" index="168" instance=ExtResource("12_nl2vj")]
transform = Transform3D(-1, 0, 0.000732951, 0, 1, 0, -0.000732951, 0, -1, 9.75124, 0, 33.2267)

[node name="PropBench16" parent="Prop" index="169" instance=ExtResource("12_nl2vj")]
transform = Transform3D(1, 0, -0.000732863, 0, 1, 0, 0.000732863, 0, 1, 9.75124, 0, 26.7267)

[node name="PropBench2" parent="Prop" index="170" instance=ExtResource("12_nl2vj")]
transform = Transform3D(-0.49382, 0, 0.869564, 0, 1, 0, -0.869564, 0, -0.49382, 17.7129, 0, 37.3431)

[node name="PropBench3" parent="Prop" index="171" instance=ExtResource("12_nl2vj")]
transform = Transform3D(0.3884, 0, 0.921491, 0, 1, 0, -0.921491, 0, 0.3884, 17.813, 0, 22.7635)

[node name="PropBench4" parent="Prop" index="172" instance=ExtResource("12_nl2vj")]
transform = Transform3D(0.883103, 0, 0.469179, 0, 1, 0, -0.469179, 0, 0.883103, 22.7736, 0, 17.7402)

[node name="PropBench5" parent="Prop" index="173" instance=ExtResource("12_nl2vj")]
