[gd_scene load_steps=9 format=3 uid="uid://djpnipbeauewf"]

[ext_resource type="PackedScene" uid="uid://bat1pivodplj5" path="res://assets/mesh/environment/mesh_art_demo.blend" id="1_xpog5"]
[ext_resource type="Material" uid="uid://cjtw4ylyq480t" path="res://resource/material/material_stone_pavement.tres" id="2_po3tj"]
[ext_resource type="Material" uid="uid://c4kdvxtxf6qht" path="res://resource/material/material_grass_1.tres" id="3_bhung"]
[ext_resource type="Material" uid="uid://mrdkkmwqr7ls" path="res://resource/material/material_metal_1.tres" id="4_86b2x"]
[ext_resource type="Texture2D" uid="uid://bqh3kumgb5ikt" path="res://assets/texture/environment/texture_tree_1.png" id="5_2p0gx"]

[sub_resource type="BoxShape3D" id="BoxShape3D_xmibs"]
size = Vector3(17, 1, 18.5)

[sub_resource type="StandardMaterial3D" id="StandardMaterial3D_shvqo"]
transparency = 1
albedo_texture = ExtResource("5_2p0gx")
distance_fade_mode = 1
distance_fade_min_distance = 64.0
distance_fade_max_distance = 12.0

[sub_resource type="PlaneMesh" id="PlaneMesh_ug3hq"]
material = ExtResource("3_bhung")
size = Vector2(32, 18.5)

[node name="mesh_art_demo" instance=ExtResource("1_xpog5")]

[node name="Pavement1" parent="." index="0"]
surface_material_override/0 = ExtResource("2_po3tj")

[node name="Ground1" parent="." index="1"]
surface_material_override/0 = ExtResource("3_bhung")

[node name="Fence" parent="." index="2"]
surface_material_override/0 = ExtResource("4_86b2x")

[node name="Fence_001" parent="." index="3"]
surface_material_override/0 = ExtResource("4_86b2x")

[node name="Fence_002" parent="." index="4"]
surface_material_override/0 = ExtResource("4_86b2x")

[node name="Fence_003" parent="." index="5"]
surface_material_override/0 = ExtResource("4_86b2x")

[node name="Fence_004" parent="." index="6"]
surface_material_override/0 = ExtResource("4_86b2x")

[node name="Fence_005" parent="." index="7"]
surface_material_override/0 = ExtResource("4_86b2x")

[node name="Fence_006" parent="." index="8"]
surface_material_override/0 = ExtResource("4_86b2x")

[node name="Fence_007" parent="." index="9"]
surface_material_override/0 = ExtResource("4_86b2x")

[node name="StaticBody3D" type="StaticBody3D" parent="." index="10"]

[node name="CollisionShape3D" type="CollisionShape3D" parent="StaticBody3D" index="0"]
transform = Transform3D(1, 0, 0, 0, 1, 0, 0, 0, 1, 0, -0.5, 1.25)
shape = SubResource("BoxShape3D_xmibs")

[node name="Trees" type="Node3D" parent="." index="11"]

[node name="Sprite3D2" type="Sprite3D" parent="Trees" index="0"]
transform = Transform3D(-4.37114e-08, 0, 1, 0, 1, 0, -1, 0, -4.37114e-08, -11, 0, 10)
material_override = SubResource("StandardMaterial3D_shvqo")
centered = false
pixel_size = 0.05
shaded = true
alpha_cut = 1
texture = ExtResource("5_2p0gx")

[node name="Sprite3D3" type="Sprite3D" parent="Trees" index="1"]
transform = Transform3D(-4.37114e-08, 0, 1, 0, 1, 0, -1, 0, -4.37114e-08, -12.5, 0, 3)
material_override = SubResource("StandardMaterial3D_shvqo")
centered = false
pixel_size = 0.05
shaded = true
alpha_cut = 1
texture = ExtResource("5_2p0gx")

[node name="Sprite3D4" type="Sprite3D" parent="Trees" index="2"]
transform = Transform3D(0.258819, 0, 0.965926, 0, 1, 0, -0.965926, 0, 0.258819, -17, 0, 0)
material_override = SubResource("StandardMaterial3D_shvqo")
centered = false
pixel_size = 0.05
shaded = true
alpha_cut = 1
texture = ExtResource("5_2p0gx")

[node name="Sprite3D5" type="Sprite3D" parent="Trees" index="3"]
transform = Transform3D(-0.258819, 0, 0.965926, 0, 1, 0, -0.965926, 0, -0.258819, -17, 0, 9)
material_override = SubResource("StandardMaterial3D_shvqo")
centered = false
pixel_size = 0.05
shaded = true
alpha_cut = 1
texture = ExtResource("5_2p0gx")

[node name="Sprite3D6" type="Sprite3D" parent="Trees" index="4"]
transform = Transform3D(0.258819, 0, 0.965926, 0, 1, 0, -0.965926, 0, 0.258819, -23, 0, 0.5)
material_override = SubResource("StandardMaterial3D_shvqo")
centered = false
pixel_size = 0.05
shaded = true
alpha_cut = 1
texture = ExtResource("5_2p0gx")

[node name="Sprite3D7" type="Sprite3D" parent="Trees" index="5"]
transform = Transform3D(-0.5, 0, 0.866025, 0, 1, 0, -0.866025, 0, -0.5, -27.5, 0, 8)
material_override = SubResource("StandardMaterial3D_shvqo")
centered = false
pixel_size = 0.05
shaded = true
alpha_cut = 1
texture = ExtResource("5_2p0gx")

[node name="Sprite3D8" type="Sprite3D" parent="Trees" index="6"]
transform = Transform3D(-4.37114e-08, 0, 1, 0, 1, 0, -1, 0, -4.37114e-08, -22.5, 0, 10)
material_override = SubResource("StandardMaterial3D_shvqo")
centered = false
pixel_size = 0.05
shaded = true
alpha_cut = 1
texture = ExtResource("5_2p0gx")

[node name="Sprite3D9" type="Sprite3D" parent="Trees" index="7"]
transform = Transform3D(-4.37114e-08, 0, 1, 0, 1, 0, -1, 0, -4.37114e-08, -24, 0, 3)
material_override = SubResource("StandardMaterial3D_shvqo")
centered = false
pixel_size = 0.05
shaded = true
alpha_cut = 1
texture = ExtResource("5_2p0gx")

[node name="Sprite3D10" type="Sprite3D" parent="Trees" index="8"]
transform = Transform3D(0.258819, 0, 0.965926, 0, 1, 0, -0.965926, 0, 0.258819, -28.5, 0, 0)
material_override = SubResource("StandardMaterial3D_shvqo")
centered = false
pixel_size = 0.05
shaded = true
alpha_cut = 1
texture = ExtResource("5_2p0gx")

[node name="Sprite3D11" type="Sprite3D" parent="Trees" index="9"]
transform = Transform3D(-0.258819, 0, 0.965926, 0, 1, 0, -0.965926, 0, -0.258819, -28.5, 0, 9)
material_override = SubResource("StandardMaterial3D_shvqo")
centered = false
pixel_size = 0.05
shaded = true
alpha_cut = 1
texture = ExtResource("5_2p0gx")

[node name="Sprite3D12" type="Sprite3D" parent="Trees" index="10"]
transform = Transform3D(0.258819, 0, 0.965926, 0, 1, 0, -0.965926, 0, 0.258819, -34.5, 0, 0.5)
material_override = SubResource("StandardMaterial3D_shvqo")
centered = false
pixel_size = 0.05
shaded = true
alpha_cut = 1
texture = ExtResource("5_2p0gx")

[node name="Sprite3D13" type="Sprite3D" parent="Trees" index="11"]
transform = Transform3D(-0.5, 0, 0.866025, 0, 1, 0, -0.866025, 0, -0.5, -39, 0, 8)
material_override = SubResource("StandardMaterial3D_shvqo")
centered = false
pixel_size = 0.05
shaded = true
alpha_cut = 1
texture = ExtResource("5_2p0gx")

[node name="Sprite3D14" type="Sprite3D" parent="Trees" index="12"]
transform = Transform3D(1.31134e-07, 0, -1, 0, 1, 0, 1, 0, 1.31134e-07, 12.5, 0, -7.33333)
material_override = SubResource("StandardMaterial3D_shvqo")
centered = false
pixel_size = 0.05
shaded = true
alpha_cut = 1
texture = ExtResource("5_2p0gx")

[node name="Sprite3D15" type="Sprite3D" parent="Trees" index="13"]
transform = Transform3D(1.31134e-07, 0, -1, 0, 1, 0, 1, 0, 1.31134e-07, 14, 0, -0.333332)
material_override = SubResource("StandardMaterial3D_shvqo")
centered = false
pixel_size = 0.05
shaded = true
alpha_cut = 1
texture = ExtResource("5_2p0gx")

[node name="Sprite3D16" type="Sprite3D" parent="Trees" index="14"]
transform = Transform3D(-0.258819, 0, -0.965926, 0, 1, 0, 0.965926, 0, -0.258819, 18.5, 0, 2.66667)
material_override = SubResource("StandardMaterial3D_shvqo")
centered = false
pixel_size = 0.05
shaded = true
alpha_cut = 1
texture = ExtResource("5_2p0gx")

[node name="Sprite3D17" type="Sprite3D" parent="Trees" index="15"]
transform = Transform3D(0.258819, 0, -0.965926, 0, 1, 0, 0.965926, 0, 0.258819, 18.5, 0, -6.33333)
material_override = SubResource("StandardMaterial3D_shvqo")
centered = false
pixel_size = 0.05
shaded = true
alpha_cut = 1
texture = ExtResource("5_2p0gx")

[node name="Sprite3D18" type="Sprite3D" parent="Trees" index="16"]
transform = Transform3D(-0.258819, 0, -0.965926, 0, 1, 0, 0.965926, 0, -0.258819, 24.5, 0, 2.16667)
material_override = SubResource("StandardMaterial3D_shvqo")
centered = false
pixel_size = 0.05
shaded = true
alpha_cut = 1
texture = ExtResource("5_2p0gx")

[node name="Sprite3D19" type="Sprite3D" parent="Trees" index="17"]
transform = Transform3D(0.5, 0, -0.866025, 0, 1, 0, 0.866025, 0, 0.5, 29, 0, -5.33333)
material_override = SubResource("StandardMaterial3D_shvqo")
centered = false
pixel_size = 0.05
shaded = true
alpha_cut = 1
texture = ExtResource("5_2p0gx")

[node name="Sprite3D20" type="Sprite3D" parent="Trees" index="18"]
transform = Transform3D(1.31134e-07, 0, -1, 0, 1, 0, 1, 0, 1.31134e-07, 24, 0, -7.33333)
material_override = SubResource("StandardMaterial3D_shvqo")
centered = false
pixel_size = 0.05
shaded = true
alpha_cut = 1
texture = ExtResource("5_2p0gx")

[node name="Sprite3D21" type="Sprite3D" parent="Trees" index="19"]
transform = Transform3D(1.31134e-07, 0, -1, 0, 1, 0, 1, 0, 1.31134e-07, 25.5, 0, -0.333333)
material_override = SubResource("StandardMaterial3D_shvqo")
centered = false
pixel_size = 0.05
shaded = true
alpha_cut = 1
texture = ExtResource("5_2p0gx")

[node name="Sprite3D22" type="Sprite3D" parent="Trees" index="20"]
transform = Transform3D(-0.258819, 0, -0.965926, 0, 1, 0, 0.965926, 0, -0.258819, 30, 0, 2.66667)
material_override = SubResource("StandardMaterial3D_shvqo")
centered = false
pixel_size = 0.05
shaded = true
alpha_cut = 1
texture = ExtResource("5_2p0gx")

[node name="Sprite3D23" type="Sprite3D" parent="Trees" index="21"]
transform = Transform3D(0.258819, 0, -0.965926, 0, 1, 0, 0.965926, 0, 0.258819, 30, 0, -6.33333)
material_override = SubResource("StandardMaterial3D_shvqo")
centered = false
pixel_size = 0.05
shaded = true
alpha_cut = 1
texture = ExtResource("5_2p0gx")

[node name="Sprite3D24" type="Sprite3D" parent="Trees" index="22"]
transform = Transform3D(-0.258819, 0, -0.965926, 0, 1, 0, 0.965926, 0, -0.258819, 36, 0, 2.16667)
material_override = SubResource("StandardMaterial3D_shvqo")
centered = false
pixel_size = 0.05
shaded = true
alpha_cut = 1
texture = ExtResource("5_2p0gx")

[node name="Sprite3D25" type="Sprite3D" parent="Trees" index="23"]
transform = Transform3D(0.5, 0, -0.866025, 0, 1, 0, 0.866025, 0, 0.5, 40.5, 0, -5.33333)
material_override = SubResource("StandardMaterial3D_shvqo")
centered = false
pixel_size = 0.05
shaded = true
alpha_cut = 1
texture = ExtResource("5_2p0gx")

[node name="MeshInstance3D" type="MeshInstance3D" parent="." index="12"]
transform = Transform3D(1, 0, 0, 0, 1, 0, 0, 0, 1, -24, 0, 1.25)
cast_shadow = 0
mesh = SubResource("PlaneMesh_ug3hq")

[node name="MeshInstance3D2" type="MeshInstance3D" parent="." index="13"]
transform = Transform3D(1, 0, 0, 0, 1, 0, 0, 0, 1, 24, 0, 1.25)
cast_shadow = 0
mesh = SubResource("PlaneMesh_ug3hq")

[node name="Fence_008" parent="." index="14"]
visible = false

[node name="Fence_009" parent="." index="15"]
visible = false

[node name="Fence_010" parent="." index="16"]
visible = false

[node name="Fence_011" parent="." index="17"]
visible = false

[node name="Plane" parent="." index="18"]
visible = false
