[gd_scene load_steps=48 format=3 uid="uid://dvlleqic8xnpl"]

[ext_resource type="PackedScene" uid="uid://bqtapora2wl4e" path="res://assets/mesh/level_design/mesh_alleyway.blend" id="1_yq5x8"]
[ext_resource type="Script" path="res://scenes/level/level.gd" id="2_akrc7"]
[ext_resource type="Material" uid="uid://cjtw4ylyq480t" path="res://resource/material/material_stone_pavement.tres" id="2_o4ob6"]
[ext_resource type="PackedScene" uid="uid://b83v1plx4lqpw" path="res://scenes/leaf/leaf_populator.tscn" id="3_c46s6"]
[ext_resource type="Texture2D" uid="uid://ckp0n0vr7luqv" path="res://assets/texture/leaf_map/texture_leafmap_alleyway_1.png" id="4_5sgs6"]
[ext_resource type="Texture2D" uid="uid://cp87vhu3s4gt8" path="res://assets/texture/leaf_map/texture_leafmap_alleyway_1_heightmap.png" id="5_sqrfh"]
[ext_resource type="Environment" uid="uid://dfi8f6n3mi0ob" path="res://resource/environment_base_autumn.tres" id="6_ah06a"]
[ext_resource type="PackedScene" uid="uid://cdl3hbykq84ed" path="res://scenes/player/garbage_bag/garbage_bag.tscn" id="6_sdtp4"]
[ext_resource type="Material" uid="uid://uoigj5u8ij33" path="res://resource/material/material_road.tres" id="10_7bfdq"]
[ext_resource type="Material" uid="uid://c4kdvxtxf6qht" path="res://resource/material/material_grass_1.tres" id="16_l6vd3"]
[ext_resource type="Texture2D" uid="uid://d03re0m8jldqt" path="res://assets/texture/environment/texture_ornament_1_albm.png" id="16_x5l81"]
[ext_resource type="Material" uid="uid://bnwne1764whql" path="res://resource/material/material_soil_1.tres" id="17_ok7y4"]
[ext_resource type="Texture2D" uid="uid://c3r3q4eduupr8" path="res://assets/texture/environment/texture_brushstrokes_nrmp.png" id="17_rsgms"]
[ext_resource type="PackedScene" uid="uid://ctyhi8e1hg8lo" path="res://scenes/prop/trees/tree/tree_1.tscn" id="19_lbj05"]
[ext_resource type="PackedScene" uid="uid://md5uhgbmh0xe" path="res://scenes/prop/trees/distant_trees/distant_tree_1.tscn" id="20_42j3l"]
[ext_resource type="PackedScene" uid="uid://u8sbqvfha382" path="res://scenes/prop/bench/prop_bench_1.tscn" id="20_dbfxh"]
[ext_resource type="PackedScene" uid="uid://bod4t1bel2nh5" path="res://scenes/fx/clouds/clouds.tscn" id="20_i0prs"]
[ext_resource type="PackedScene" uid="uid://d11xopjdvpgrw" path="res://scenes/prop/trees/tree/tree_2.tscn" id="20_um7vi"]
[ext_resource type="PackedScene" uid="uid://ffbredvleqm0" path="res://scenes/prop/gomibako/prop_gomibako_1.tscn" id="21_fndp6"]
[ext_resource type="PackedScene" uid="uid://ddgmchmxxip1u" path="res://scenes/prop/trees/distant_trees/distant_tree_2.tscn" id="21_iipbe"]
[ext_resource type="PackedScene" uid="uid://rm5a6ecdakfl" path="res://scenes/prop/trees/very_distant_trees/very_distant_tree_1.tscn" id="22_em0fu"]
[ext_resource type="PackedScene" uid="uid://vt1u5va52d0y" path="res://scenes/prop/clock_pole/prop_clockpole.tscn" id="22_lmrx7"]
[ext_resource type="PackedScene" uid="uid://b4sbdo24ld2gb" path="res://scenes/prop/street_light/prop_street_light_1.tscn" id="23_4u7pc"]
[ext_resource type="PackedScene" uid="uid://dhfjydch4ru0a" path="res://scenes/prop/pavement_border/pavement_border.tscn" id="23_jff5m"]
[ext_resource type="Material" uid="uid://mrdkkmwqr7ls" path="res://resource/material/material_metal_1.tres" id="25_y88bx"]
[ext_resource type="Material" uid="uid://bh0pfkgtt4ll5" path="res://resource/material/material_concrete_1.tres" id="26_fqjk2"]
[ext_resource type="Material" uid="uid://d2o6he4u2kqp" path="res://resource/material/material_brick_1.tres" id="27_5wex2"]
[ext_resource type="PackedScene" uid="uid://cx7dxi1bicvqs" path="res://scenes/prop/foliage/prop_bush_1.tscn" id="27_51lti"]
[ext_resource type="PackedScene" uid="uid://dfu5idnqbw6ta" path="res://scenes/prop/horizon/horizon_city.tscn" id="27_c2rv4"]
[ext_resource type="Texture2D" uid="uid://d3qw3bxoa8tck" path="res://assets/texture/environment/texture_horizon_close_1.png" id="27_jy52j"]
[ext_resource type="PackedScene" uid="uid://d1pkstxa0k3lv" path="res://scenes/prop/horizon/horizon_trees.tscn" id="28_mloy2"]
[ext_resource type="Material" uid="uid://s3fb87n24665" path="res://resource/clouds.tres" id="31_ue3y8"]
[ext_resource type="AudioStream" uid="uid://cot6oj6cnaib5" path="res://assets/audio/ambience_park_1.mp3" id="33_63x8d"]
[ext_resource type="Texture2D" uid="uid://b72wywy3dchn" path="res://assets/texture/leaf/tile.png" id="33_u66on"]
[ext_resource type="ArrayMesh" uid="uid://1he0r1avl6dr" path="res://assets/mesh/mesh_billboard_crossplanes.tres" id="34_xi37w"]
[ext_resource type="Texture2D" uid="uid://cy03xyhmlyip7" path="res://assets/texture/kartoshka.jpg" id="36_siq36"]

[sub_resource type="BoxShape3D" id="BoxShape3D_qdx78"]
size = Vector3(1, 5.31104, 105)

[sub_resource type="BoxShape3D" id="BoxShape3D_ygy0i"]
size = Vector3(28, 4.14941, 1)

[sub_resource type="QuadMesh" id="QuadMesh_r75cl"]

[sub_resource type="StandardMaterial3D" id="StandardMaterial3D_4r2f4"]
transparency = 1
albedo_color = Color(1, 0.931, 0.54, 1)
albedo_texture = ExtResource("16_x5l81")
metallic = 0.85
metallic_specular = 0.76
roughness = 0.41
emission_enabled = true
emission = Color(0.489691, 0.164215, 0.133248, 1)
normal_enabled = true
normal_texture = ExtResource("17_rsgms")

[sub_resource type="PlaneMesh" id="PlaneMesh_wb77v"]
size = Vector2(64, 16)

[sub_resource type="StandardMaterial3D" id="StandardMaterial3D_a67vy"]
transparency = 2
alpha_scissor_threshold = 0.5
alpha_antialiasing_mode = 0
specular_mode = 2
albedo_texture = ExtResource("27_jy52j")
texture_filter = 0

[sub_resource type="PlaneMesh" id="PlaneMesh_lxrjr"]
material = ExtResource("31_ue3y8")
size = Vector2(4096, 4096)

[sub_resource type="StandardMaterial3D" id="StandardMaterial3D_7qt0g"]
transparency = 1
specular_mode = 2
albedo_texture = ExtResource("33_u66on")
metallic_specular = 0.16
roughness = 0.91
uv1_scale = Vector3(-0.7, -0.7, -0.7)
uv1_triplanar = true

[sub_resource type="MultiMesh" id="MultiMesh_a64m0"]
transform_format = 1
instance_count = 64
mesh = ExtResource("34_xi37w")
buffer = PackedFloat32Array(0.466577, 0, 0.885611, 18.1072, 0, 1.001, 0, 0, -0.885611, 0, 0.466577, 64.0221, -0.0389996, 0, -1.00024, 4.81923, 0, 1.001, 0, 0, 1.00024, 0, -0.0389996, 17.3898, 0.825294, 0, -0.566472, 21.5986, 0, 1.001, 0, 0, 0.566472, 0, 0.825294, 0.89917, -0.996283, 0, 0.0970623, 7.42421, 0, 1.001, 0, 0, -0.0970623, 0, -0.996283, 4.6594, 0.117575, 0, -0.994071, 4.84203, 0, 1.001, 0, 0, 0.994071, 0, 0.117575, 99.9216, 0.552925, 0, -0.834431, 22.9461, 0, 1.001, 0, 0, 0.834431, 0, 0.552925, 68.1464, 0.466559, 0, 0.88562, 17.3643, 0, 1.001, 0, 0, -0.88562, 0, 0.466559, 69.1602, 0.868968, 0, -0.496886, 22.7045, 0, 1.001, 0, 0, 0.496886, 0, 0.868968, 101.739, 0.92359, 0, 0.385982, 17.6317, 0, 1.001, 0, 0, -0.385982, 0, 0.92359, 97.6138, 0.778694, 0, 0.628997, 24.9751, 0, 1.001, 0, 0, -0.628997, 0, 0.778694, 2.14461, -0.763475, 0, 0.647385, 1.19325, 0, 1.001, 0, 0, -0.647385, 0, -0.763475, 69.932, 0.346837, 0, 0.938992, 25.2331, 0, 1.001, 0, 0, -0.938992, 0, 0.346837, 39.6326, 0.63373, 0, 0.774847, 20.21, 0, 1.001, 0, 0, -0.774847, 0, 0.63373, 22.3839, -0.845387, 0, -0.536023, 0.421342, 0, 1.001, 0, 0, 0.536023, 0, -0.845387, 70.7494, 0.790529, 0, -0.614057, 4.93971, 0, 1.001, 0, 0, 0.614057, 0, 0.790529, 65.0658, -0.998648, 0, -0.0685775, 22.6496, 0, 1.001, 0, 0, 0.0685775, 0, -0.998648, 23.979, 0.898072, 0, 0.442118, 3.07377, 0, 1.001, 0, 0, -0.442118, 0, 0.898072, 97.5491, -0.595985, 0, -0.804241, 18.9002, 0, 1.001, 0, 0, 0.804241, 0, -0.595985, 86.4879, -0.106014, 0, 0.995371, 6.35209, 0, 1.001, 0, 0, -0.995371, 0, -0.106014, 83.3463, 0.932139, 0, -0.364853, 24.5479, 0, 1.001, 0, 0, 0.364853, 0, 0.932139, 64.0627, -0.233134, 0, -0.973473, 7.0218, 0, 1.001, 0, 0, 0.973473, 0, -0.233134, 54.9521, 0.463876, 0, -0.887029, 20.4737, 0, 1.001, 0, 0, 0.887029, 0, 0.463876, 48.8674, -0.900011, 0, -0.438156, 2.73732, 0, 1.001, 0, 0, 0.438156, 0, -0.900011, 6.48729, -0.186556, 0, 0.983462, 4.95137, 0, 1.001, 0, 0, -0.983462, 0, -0.186556, 37.5374, 0.107814, 0, -0.995177, 24.6029, 0, 1.001, 0, 0, 0.995177, 0, 0.107814, 51.6596, -0.207797, 0, -0.979195, 21.7495, 0, 1.001, 0, 0, 0.979195, 0, -0.207797, 68.0161, -0.258375, 0, -0.96708, 18.847, 0, 1.001, 0, 0, 0.96708, 0, -0.258375, 33.8142, 0.433458, 0, -0.902283, 19.0347, 0, 1.001, 0, 0, 0.902283, 0, 0.433458, 18.9033, 0.931506, 0, 0.366466, 23.2081, 0, 1.001, 0, 0, -0.366466, 0, 0.931506, 98.6897, 0.129002, 0, -0.992653, 3.86596, 0, 1.001, 0, 0, 0.992653, 0, 0.129002, 55.6187, -0.364948, 0, 0.932102, 9.06082, 0, 1.001, 0, 0, -0.932102, 0, -0.364948, 37.7388, -0.684988, 0, 0.729926, 3.51971, 0, 1.001, 0, 0, -0.729926, 0, -0.684988, 37.8814, 0.615966, 0, -0.789042, 5.41704, 0, 1.001, 0, 0, 0.789042, 0, 0.615966, 5.61909, -0.792924, 0, -0.61096, 3.99528, 0, 1.001, 0, 0, 0.61096, 0, -0.792924, 51.1738, -0.537175, 0, -0.844656, 2.56689, 0, 1.001, 0, 0, 0.844656, 0, -0.537175, 65.3962, -0.909288, 0, -0.418564, 20.7153, 0, 1.001, 0, 0, 0.418564, 0, -0.909288, 34.9519, -0.797172, 0, -0.605407, 22.9987, 0, 1.001, 0, 0, 0.605407, 0, -0.797172, 68.9479, -0.328406, 0, -0.945596, 23.2322, 0, 1.001, 0, 0, 0.945596, 0, -0.328406, 37.4472, 0.183481, 0, -0.984041, 18.1456, 0, 1.001, 0, 0, 0.984041, 0, 0.183481, 39.1283, 0.591474, 0, -0.807564, 22.502, 0, 1.001, 0, 0, 0.807564, 0, 0.591474, 50.0889, -0.566261, 0, -0.825439, 7.61213, 0, 1.001, 0, 0, 0.825439, 0, -0.566261, 83.9337, -0.0332339, 0, -1.00045, 25.1358, 0, 1.001, 0, 0, 1.00045, 0, -0.0332339, 0.743836, -0.386191, 0, -0.923503, 24.7972, 0, 1.001, 0, 0, 0.923503, 0, -0.386191, 87.3993, 0.848991, 0, 0.530298, 2.92633, 0, 1.001, 0, 0, -0.530298, 0, 0.848991, 6.41389, -0.848418, 0, 0.531214, 19.2522, 0, 1.001, 0, 0, -0.531214, 0, -0.848418, 38.7484, -0.570336, 0, 0.822629, 1.63033, 0, 1.001, 0, 0, -0.822629, 0, -0.570336, 4.98747, -0.933506, 0, -0.36134, 17.5868, 0, 1.001, 0, 0, 0.36134, 0, -0.933506, 67.2765, -0.976088, 0, 0.221929, 17.3635, 0, 1.001, 0, 0, -0.221929, 0, -0.976088, 100.013, -0.991783, 0, -0.135527, 22.9643, 0, 1.001, 0, 0, 0.135527, 0, -0.991783, 67.1742, 0.892734, 0, 0.452799, 21.9048, 0, 1.001, 0, 0, -0.452799, 0, 0.892734, 71.7055, -0.277649, 0, -0.961723, 23.0389, 0, 1.001, 0, 0, 0.961723, 0, -0.277649, 4.72664, 0.975259, 0, 0.225546, 8.28046, 0, 1.001, 0, 0, -0.225546, 0, 0.975259, 86.1759, -0.745896, 0, -0.667563, 24.6023, 0, 1.001, 0, 0, 0.667563, 0, -0.745896, 36.8319, -1.00086, 0, 0.0165655, 21.7217, 0, 1.001, 0, 0, -0.0165655, 0, -1.00086, 38.5146, -0.369054, 0, -0.930484, 18.7859, 0, 1.001, 0, 0, 0.930484, 0, -0.369054, 19.6728, 0.157874, 0, -0.988472, 5.99881, 0, 1.001, 0, 0, 0.988472, 0, 0.157874, 23.7946, 0.450734, 0, -0.893778, 19.3074, 0, 1.001, 0, 0, 0.893778, 0, 0.450734, 53.303, -0.307105, 0, -0.952726, 21.4594, 0, 1.001, 0, 0, 0.952726, 0, -0.307105, 51.8658, 0.368447, 0, -0.930724, 1.06447, 0, 1.001, 0, 0, 0.930724, 0, 0.368447, 86.2647, -0.796526, 0, 0.606257, 4.14866, 0, 1.001, 0, 0, -0.606257, 0, -0.796526, 36.4571, 0.401242, 0, -0.917064, 8.88159, 0, 1.001, 0, 0, 0.917064, 0, 0.401242, 83.8903, -0.468353, 0, -0.884673, 7.60791, 0, 1.001, 0, 0, 0.884673, 0, -0.468353, 55.1027, -0.998458, 0, 0.071287, 22.6436, 0, 1.001, 0, 0, -0.071287, 0, -0.998458, 51.0313, -0.313806, 0, -0.95054, 21.5636, 0, 1.001, 0, 0, 0.95054, 0, -0.313806, 83.317)

[sub_resource type="QuadMesh" id="QuadMesh_7ksfv"]

[sub_resource type="StandardMaterial3D" id="StandardMaterial3D_6myay"]
shading_mode = 0
albedo_texture = ExtResource("36_siq36")
billboard_mode = 1
billboard_keep_scale = true

[node name="LevelAlleyway" node_paths=PackedStringArray("leaf_populator", "player_spawn_position") instance=ExtResource("1_yq5x8")]
script = ExtResource("2_akrc7")
leaf_populator = NodePath("LeafPopulator")
leaf_leeway = 450
player_spawn_position = NodePath("PlayerSpawnPosition")
enable_rain = true
s_rank_target_score = 550000.0
b_rank_target_score = 180000.0
s_target_speed_clear = 240.0
a_target_speed_clear = 400.0
b_target_speed_clear = 600.0

[node name="LeafPopulator" parent="." index="0" instance=ExtResource("3_c46s6")]
leavesPerPixel = 2
pixelFraction = 6.84
leafmap = ExtResource("4_5sgs6")
heightmap = ExtResource("5_sqrfh")

[node name="GarbageBag" parent="." index="1" instance=ExtResource("6_sdtp4")]
transform = Transform3D(0.742198, 0, 0.670181, 0, 1, 0, -0.670181, 0, 0.742198, 3.34861, 0.619432, 34.6251)

[node name="GarbageBag5" parent="." index="2" instance=ExtResource("6_sdtp4")]
transform = Transform3D(0.742198, 0, 0.670181, 0, 1, 0, -0.670181, 0, 0.742198, 23.5135, 0.619432, 2.28456)

[node name="GarbageBag6" parent="." index="3" instance=ExtResource("6_sdtp4")]
transform = Transform3D(-0.587856, 0, 0.808966, 0, 1, 0, -0.808966, 0, -0.587856, 2.98015, 0.619432, 3.33592)

[node name="GarbageBag2" parent="." index="4" instance=ExtResource("6_sdtp4")]
transform = Transform3D(0.994849, 0, -0.101369, 0, 1, 0, 0.101369, 0, 0.994849, 4.59166, 0.619432, 33.4498)

[node name="GarbageBag3" parent="." index="5" instance=ExtResource("6_sdtp4")]
transform = Transform3D(0.88605, 0, -0.46359, 0, 1, 0, 0.46359, 0, 0.88605, 20.9416, 0.619432, 54.0245)

[node name="GarbageBag4" parent="." index="6" instance=ExtResource("6_sdtp4")]
transform = Transform3D(0.250076, 0, -0.968226, 0, 1, 0, 0.968226, 0, 0.250076, 22.4752, 0.619432, 24.7505)

[node name="Pavement" parent="." index="7"]
transform = Transform3D(-1, 0, 8.74228e-08, 0, 1, 0, -8.74228e-08, 0, -1, 13, 0, 0)
surface_material_override/0 = ExtResource("2_o4ob6")

[node name="PavementWithBush" parent="." index="8"]
transform = Transform3D(-1, 0, 8.74228e-08, 0, 1, 0, -8.74228e-08, 0, -1, 13, 0, 8)
surface_material_override/0 = ExtResource("2_o4ob6")

[node name="PavementCollision " parent="." index="9" groups=["Material-Concrete"]]
transform = Transform3D(-1, 0, -8.74228e-08, 0, 1, 0, 8.74228e-08, 0, -1, 13, 0, 0)

[node name="GrassCollision " parent="." index="10" groups=["Material-Grass"]]
transform = Transform3D(-1, 0, -8.74228e-08, 0, 1, 0, 8.74228e-08, 0, -1, 13, 0, 0)

[node name="Pavement_001" parent="." index="11"]
surface_material_override/0 = ExtResource("16_l6vd3")

[node name="PavementWithBush_001" parent="." index="12"]
surface_material_override/0 = ExtResource("16_l6vd3")

[node name="PavementWithBush_002" parent="." index="13"]
surface_material_override/0 = ExtResource("17_ok7y4")

[node name="StaticBody3D" type="StaticBody3D" parent="." index="14"]

[node name="CollisionShape3D" type="CollisionShape3D" parent="StaticBody3D" index="0"]
transform = Transform3D(1, 0, 0, 0, 1, 0, 0, 0, 1, -0.5, 1.52193, 52)
shape = SubResource("BoxShape3D_qdx78")

[node name="CollisionShape3D3" type="CollisionShape3D" parent="StaticBody3D" index="1"]
transform = Transform3D(1, 0, 0, 0, 1, 0, 0, 0, 1, 13, 2.08817, -0.5)
shape = SubResource("BoxShape3D_ygy0i")

[node name="CollisionShape3D4" type="CollisionShape3D" parent="StaticBody3D" index="2"]
transform = Transform3D(1, 0, 0, 0, 1, 0, 0, 0, 1, 13, 1.7449, 104.501)
shape = SubResource("BoxShape3D_ygy0i")

[node name="CollisionShape3D2" type="CollisionShape3D" parent="StaticBody3D" index="3"]
transform = Transform3D(1, 0, 0, 0, 1, 0, 0, 0, 1, 26.5, 1.4809, 52)
shape = SubResource("BoxShape3D_qdx78")

[node name="PlayerSpawnPosition" type="Marker3D" parent="." index="15"]
transform = Transform3D(-1, 0, 8.74228e-08, 0, 1, 0, -8.74228e-08, 0, -1, 13.25, 1, 3)

[node name="WorldEnvironment" type="WorldEnvironment" parent="." index="16"]
environment = ExtResource("6_ah06a")

[node name="DirectionalLight3D" type="DirectionalLight3D" parent="." index="17"]
transform = Transform3D(-0.986286, -0.0399287, -0.160145, 8.4826e-08, -0.970297, 0.241922, -0.165048, 0.238604, 0.956988, 0, 0, 0)
light_energy = 2.0
light_bake_mode = 1
shadow_enabled = true
shadow_opacity = 0.9
directional_shadow_mode = 0
directional_shadow_fade_start = 1.0

[node name="Pavement_002" parent="." index="18"]
surface_material_override/0 = ExtResource("2_o4ob6")
surface_material_override/1 = ExtResource("10_7bfdq")
surface_material_override/2 = ExtResource("16_l6vd3")

[node name="PavementWithBush_004" parent="." index="19"]
surface_material_override/0 = ExtResource("17_ok7y4")

[node name="FenceGate_001" parent="." index="20"]
surface_material_override/0 = ExtResource("25_y88bx")
surface_material_override/1 = ExtResource("26_fqjk2")
surface_material_override/2 = ExtResource("27_5wex2")

[node name="FenceGate" parent="." index="21"]
surface_material_override/0 = ExtResource("25_y88bx")
surface_material_override/1 = ExtResource("26_fqjk2")
surface_material_override/2 = ExtResource("27_5wex2")

[node name="FenceGate_002" parent="." index="22"]
surface_material_override/0 = ExtResource("26_fqjk2")
surface_material_override/1 = ExtResource("27_5wex2")

[node name="Fence_002" parent="." index="23"]
surface_material_override/0 = ExtResource("25_y88bx")

[node name="Fence" parent="." index="24"]
surface_material_override/0 = ExtResource("25_y88bx")

[node name="Fence_001" parent="." index="25"]
surface_material_override/0 = ExtResource("25_y88bx")

[node name="Fence_003" parent="." index="27"]
surface_material_override/0 = ExtResource("25_y88bx")

[node name="Fence_004" parent="." index="28"]
surface_material_override/0 = ExtResource("25_y88bx")

[node name="Fence_005" parent="." index="29"]
surface_material_override/0 = ExtResource("25_y88bx")

[node name="Fence_006" parent="." index="30"]
surface_material_override/0 = ExtResource("25_y88bx")

[node name="CityHorizon" parent="." index="31" instance=ExtResource("27_c2rv4")]
transform = Transform3D(1, 0, 0, 0, 1, 0, 0, 0, 1, 0, 50, 0)

[node name="Horizon" parent="." index="32" instance=ExtResource("28_mloy2")]
transform = Transform3D(1, 0, 0, 0, 1, 0, 0, 0, 1, 0, -18.665, 0)

[node name="Plains" parent="." index="34"]
surface_material_override/0 = ExtResource("16_l6vd3")

[node name="Gates" parent="." index="35"]
surface_material_override/0 = ExtResource("25_y88bx")

[node name="Ornament" type="MeshInstance3D" parent="Gates" index="0"]
transform = Transform3D(1.535, 0, 0, 0, 1.535, 0, 0, 0, 1.535, 13.9614, 0.784095, 0.0346507)
mesh = SubResource("QuadMesh_r75cl")
surface_material_override/0 = SubResource("StandardMaterial3D_4r2f4")

[node name="Ornament2" type="MeshInstance3D" parent="Gates" index="1"]
transform = Transform3D(1.535, 0, 0, 0, 1.535, 0, 0, 0, 1.535, 12.0298, 0.784095, 0.0346507)
mesh = SubResource("QuadMesh_r75cl")
surface_material_override/0 = SubResource("StandardMaterial3D_4r2f4")

[node name="Ornament3" type="MeshInstance3D" parent="Gates" index="2"]
transform = Transform3D(-1.535, 0, 1.34194e-07, 0, 1.535, 0, -1.34194e-07, 0, -1.535, 12.0298, 0.784095, 103.993)
mesh = SubResource("QuadMesh_r75cl")
surface_material_override/0 = SubResource("StandardMaterial3D_4r2f4")

[node name="Ornament4" type="MeshInstance3D" parent="Gates" index="3"]
transform = Transform3D(-1.535, 0, 1.34194e-07, 0, 1.535, 0, -1.34194e-07, 0, -1.535, 13.9614, 0.784095, 103.993)
mesh = SubResource("QuadMesh_r75cl")
surface_material_override/0 = SubResource("StandardMaterial3D_4r2f4")

[node name="Foliage" type="Node3D" parent="." index="36"]

[node name="Tree19" parent="Foliage" index="0" instance=ExtResource("19_lbj05")]
transform = Transform3D(0.929699, 0, 0.368319, 0, 1, 0, -0.368319, 0, 0.929699, 3.5, -0.0791897, 40.9871)

[node name="Tree20" parent="Foliage" index="1" instance=ExtResource("19_lbj05")]
transform = Transform3D(1.07068, 0, -0.311225, 0, 1.115, 0, 0.311225, 0, 1.07068, 6.44722, -0.234561, 82.9768)

[node name="Tree8" parent="Foliage" index="2" instance=ExtResource("19_lbj05")]
transform = Transform3D(-0.584844, 0, -0.811146, 0, 1, 0, 0.811146, 0, -0.584844, 21, -0.038982, 10.0598)

[node name="Tree9" parent="Foliage" index="3" instance=ExtResource("19_lbj05")]
transform = Transform3D(-0.584844, 0, -0.811146, 0, 1, 0, 0.811146, 0, -0.584844, 21, -0.0720319, 35.0598)

[node name="Tree21" parent="Foliage" index="4" instance=ExtResource("19_lbj05")]
transform = Transform3D(-0.293402, 0, -1.13778, 0, 1.175, 0, 1.13778, 0, -0.293402, 19.5235, -0.0875146, 20.8169)

[node name="Tree10" parent="Foliage" index="5" instance=ExtResource("19_lbj05")]
transform = Transform3D(0.339378, 0, -0.94065, 0, 1, 0, 0.94065, 0, 0.339378, 23.8259, -0.0876372, 59.7348)

[node name="Tree11" parent="Foliage" index="6" instance=ExtResource("19_lbj05")]
transform = Transform3D(-0.530348, 0, -0.84778, 0, 1, 0, 0.84778, 0, -0.530348, 21.2967, -0.163528, 83.4422)

[node name="Tree5" parent="Foliage" index="7" instance=ExtResource("20_um7vi")]
transform = Transform3D(1, 0, 0, 0, 1, 0, 0, 0, 1, 5, -0.153933, 11)

[node name="Tree12" parent="Foliage" index="8" instance=ExtResource("20_um7vi")]
transform = Transform3D(0.824719, 0, 0.565543, 0, 1, 0, -0.565543, 0, 0.824719, 23.6859, -0.108954, 45)

[node name="Tree13" parent="Foliage" index="9" instance=ExtResource("20_um7vi")]
transform = Transform3D(0.952921, 0, -0.303218, 0, 1, 0, 0.303218, 0, 0.952921, 21.7082, -0.248498, 71.9938)

[node name="Tree14" parent="Foliage" index="10" instance=ExtResource("20_um7vi")]
transform = Transform3D(0.95436, 0, 0.298658, 0, 1, 0, -0.298658, 0, 0.95436, 22.6638, -0.202379, 96.8367)

[node name="Tree15" parent="Foliage" index="11" instance=ExtResource("20_um7vi")]
transform = Transform3D(0.730086, 0, 0.228473, 0, 0.765, 0, -0.228473, 0, 0.730086, 3.13638, -0.153703, 97.916)

[node name="Tree16" parent="Foliage" index="12" instance=ExtResource("20_um7vi")]
transform = Transform3D(1.02376, 0, -0.359359, 0, 1.085, 0, 0.359359, 0, 1.02376, 6.12491, -0.0981252, 71.7227)

[node name="Tree17" parent="Foliage" index="13" instance=ExtResource("20_um7vi")]
transform = Transform3D(0.913815, 0, 0.406131, 0, 1, 0, -0.406131, 0, 0.913815, 1.74921, -0.138618, 52.2227)

[node name="Tree18" parent="Foliage" index="14" instance=ExtResource("20_um7vi")]
transform = Transform3D(0.996534, 0, 0.0831908, 0, 1, 0, -0.0831908, 0, 0.996534, 3.65031, -0.0529265, 29.3871)

[node name="DistantTree1" parent="Foliage" index="15" instance=ExtResource("20_42j3l")]
transform = Transform3D(1.82624, 0, -0.295557, 0, 1.85, 0, 0.295557, 0, 1.82624, -10.3473, 0, 8.03863)

[node name="DistantTree33" parent="Foliage" index="16" instance=ExtResource("20_42j3l")]
transform = Transform3D(1.82624, 0, -0.295557, 0, 1.85, 0, 0.295557, 0, 1.82624, -10.3473, 0, -25.7409)

[node name="DistantTree34" parent="Foliage" index="17" instance=ExtResource("20_42j3l")]
transform = Transform3D(1.77949, 0, 0.505893, 0, 1.85, 0, -0.505893, 0, 1.77949, 6.46889, 0, -25.7409)

[node name="DistantTree35" parent="Foliage" index="18" instance=ExtResource("20_42j3l")]
transform = Transform3D(1.83492, 0, -0.235742, 0, 1.85, 0, 0.235742, 0, 1.83492, 29.7721, 0, -25.7409)

[node name="DistantTree36" parent="Foliage" index="19" instance=ExtResource("20_42j3l")]
transform = Transform3D(1.81867, 0, 0.33904, 0, 1.85, 0, -0.33904, 0, 1.81867, 45.5457, 0, -25.7409)

[node name="DistantTree37" parent="Foliage" index="20" instance=ExtResource("20_42j3l")]
transform = Transform3D(1.81867, 0, 0.33904, 0, 1.85, 0, -0.33904, 0, 1.81867, 77.4937, 0, -25.7409)

[node name="DistantTree38" parent="Foliage" index="21" instance=ExtResource("20_42j3l")]
transform = Transform3D(1.55735, 0, -0.998575, 0, 1.85, 0, 0.998575, 0, 1.55735, 95.3307, 0, -25.7409)

[node name="DistantTree57" parent="Foliage" index="22" instance=ExtResource("20_42j3l")]
transform = Transform3D(1.55735, 0, -0.998575, 0, 1.85, 0, 0.998575, 0, 1.55735, 103.831, 0, -25.7409)

[node name="DistantTree58" parent="Foliage" index="23" instance=ExtResource("20_42j3l")]
transform = Transform3D(1.24584, 0, -1.36762, 0, 1.85, 0, 1.36762, 0, 1.24584, 135.331, 0, -27.2409)

[node name="DistantTree59" parent="Foliage" index="24" instance=ExtResource("20_42j3l")]
transform = Transform3D(0.395116, 0, -1.80731, 0, 1.85, 0, 1.80731, 0, 0.395116, 145.831, 0, -25.7409)

[node name="DistantTree39" parent="Foliage" index="25" instance=ExtResource("20_42j3l")]
transform = Transform3D(1.74737, 0, -0.60761, 0, 1.85, 0, 0.60761, 0, 1.74737, -32.7881, 0, -25.7409)

[node name="DistantTree40" parent="Foliage" index="26" instance=ExtResource("20_42j3l")]
transform = Transform3D(1.84701, 0, 0.105075, 0, 1.85, 0, -0.105075, 0, 1.84701, -62.6028, 0, -25.7409)

[node name="DistantTree50" parent="Foliage" index="27" instance=ExtResource("20_42j3l")]
transform = Transform3D(1.84701, 0, 0.105075, 0, 1.85, 0, -0.105075, 0, 1.84701, -75.6028, 0, -25.7409)

[node name="DistantTree51" parent="Foliage" index="28" instance=ExtResource("20_42j3l")]
transform = Transform3D(1.54702, 0, 1.0145, 0, 1.85, 0, -1.0145, 0, 1.54702, -96.6028, 0, -25.7409)

[node name="DistantTree52" parent="Foliage" index="29" instance=ExtResource("20_42j3l")]
transform = Transform3D(1.6521, 0, -0.832509, 0, 1.85, 0, 0.832509, 0, 1.6521, -119.603, 0, -25.7409)

[node name="DistantTree41" parent="Foliage" index="30" instance=ExtResource("21_iipbe")]
transform = Transform3D(0.81831, 0, 0.574777, 0, 1, 0, -0.574777, 0, 0.81831, -48.3039, 0, -26.95)

[node name="DistantTree53" parent="Foliage" index="31" instance=ExtResource("21_iipbe")]
transform = Transform3D(0.421289, 0, 0.906926, 0, 1, 0, -0.906926, 0, 0.421289, -85.3039, 0, -26.95)

[node name="DistantTree54" parent="Foliage" index="32" instance=ExtResource("21_iipbe")]
transform = Transform3D(0.81831, 0, 0.574777, 0, 1, 0, -0.574777, 0, 0.81831, -107.804, 0, -26.95)

[node name="DistantTree55" parent="Foliage" index="33" instance=ExtResource("21_iipbe")]
transform = Transform3D(0.81831, 0, 0.574777, 0, 1, 0, -0.574777, 0, 0.81831, -128.304, 0, -26.95)

[node name="DistantTree42" parent="Foliage" index="34" instance=ExtResource("21_iipbe")]
transform = Transform3D(0.996092, 0, 0.0883206, 0, 1, 0, -0.0883206, 0, 0.996092, -20.7265, 0, -26.95)

[node name="DistantTree43" parent="Foliage" index="35" instance=ExtResource("21_iipbe")]
transform = Transform3D(0.996092, 0, 0.0883206, 0, 1, 0, -0.0883206, 0, 0.996092, -3.25685, 0, -26.95)

[node name="DistantTree44" parent="Foliage" index="36" instance=ExtResource("21_iipbe")]
transform = Transform3D(0.837185, 0, 0.54692, 0, 1, 0, -0.54692, 0, 0.837185, 17.0938, 0, -26.95)

[node name="DistantTree45" parent="Foliage" index="37" instance=ExtResource("21_iipbe")]
transform = Transform3D(0.837185, 0, 0.54692, 0, 1, 0, -0.54692, 0, 0.837185, 36.318, 0, -26.95)

[node name="DistantTree46" parent="Foliage" index="38" instance=ExtResource("21_iipbe")]
transform = Transform3D(0.954376, 0, -0.298608, 0, 1, 0, 0.298608, 0, 0.954376, 57.7893, 0, -26.95)

[node name="DistantTree47" parent="Foliage" index="39" instance=ExtResource("21_iipbe")]
transform = Transform3D(0.989838, 0, 0.142197, 0, 1, 0, -0.142197, 0, 0.989838, 66.8235, 0, -26.95)

[node name="DistantTree48" parent="Foliage" index="40" instance=ExtResource("21_iipbe")]
transform = Transform3D(0.962635, 0, -0.270802, 0, 1, 0, 0.270802, 0, 0.962635, 111.823, 0, -26.95)

[node name="DistantTree56" parent="Foliage" index="41" instance=ExtResource("21_iipbe")]
transform = Transform3D(0.969067, 0, 0.246796, 0, 1, 0, -0.246796, 0, 0.969067, 125.323, 0, -26.95)

[node name="DistantTree60" parent="Foliage" index="42" instance=ExtResource("21_iipbe")]
transform = Transform3D(0.969067, 0, 0.246796, 0, 1, 0, -0.246796, 0, 0.969067, 150.323, 0, -24.95)

[node name="DistantTree49" parent="Foliage" index="43" instance=ExtResource("21_iipbe")]
transform = Transform3D(0.962635, 0, -0.270802, 0, 1, 0, 0.270802, 0, 0.962635, 86.8235, 0, -26.95)

[node name="DistantTree61" parent="Foliage" index="44" instance=ExtResource("20_42j3l")]
transform = Transform3D(-1.6521, 0, 0.832509, 0, 1.85, 0, -0.832509, 0, -1.6521, 138.138, 0, 129.269)

[node name="DistantTree62" parent="Foliage" index="45" instance=ExtResource("21_iipbe")]
transform = Transform3D(-0.81831, 0, -0.574777, 0, 1, 0, 0.574777, 0, -0.81831, 66.8395, 0, 130.478)

[node name="DistantTree63" parent="Foliage" index="46" instance=ExtResource("21_iipbe")]
transform = Transform3D(-0.421289, 0, -0.906926, 0, 1, 0, 0.906926, 0, -0.421289, 103.84, 0, 130.478)

[node name="DistantTree64" parent="Foliage" index="47" instance=ExtResource("21_iipbe")]
transform = Transform3D(-0.81831, 0, -0.574777, 0, 1, 0, 0.574777, 0, -0.81831, 126.34, 0, 130.478)

[node name="DistantTree65" parent="Foliage" index="48" instance=ExtResource("21_iipbe")]
transform = Transform3D(-0.81831, 0, -0.574777, 0, 1, 0, 0.574777, 0, -0.81831, 146.84, 0, 130.478)

[node name="DistantTree66" parent="Foliage" index="49" instance=ExtResource("21_iipbe")]
transform = Transform3D(-0.996092, 0, -0.0883207, 0, 1, 0, 0.0883207, 0, -0.996092, 39.262, 0, 130.478)

[node name="DistantTree67" parent="Foliage" index="50" instance=ExtResource("21_iipbe")]
transform = Transform3D(-0.996092, 0, -0.0883207, 0, 1, 0, 0.0883207, 0, -0.996092, 21.7924, 0, 130.478)

[node name="DistantTree68" parent="Foliage" index="51" instance=ExtResource("21_iipbe")]
transform = Transform3D(-0.837185, 0, -0.546921, 0, 1, 0, 0.546921, 0, -0.837185, 1.44176, 0, 130.478)

[node name="DistantTree69" parent="Foliage" index="52" instance=ExtResource("21_iipbe")]
transform = Transform3D(-0.837185, 0, -0.546921, 0, 1, 0, 0.546921, 0, -0.837185, -17.7824, 0, 130.478)

[node name="DistantTree70" parent="Foliage" index="53" instance=ExtResource("21_iipbe")]
transform = Transform3D(-0.954376, 0, 0.298608, 0, 1, 0, -0.298608, 0, -0.954376, -39.2537, 0, 130.478)

[node name="DistantTree71" parent="Foliage" index="54" instance=ExtResource("21_iipbe")]
transform = Transform3D(-0.989838, 0, -0.142197, 0, 1, 0, 0.142197, 0, -0.989838, -48.2879, 0, 130.478)

[node name="DistantTree72" parent="Foliage" index="55" instance=ExtResource("21_iipbe")]
transform = Transform3D(-0.962635, 0, 0.270802, 0, 1, 0, -0.270802, 0, -0.962635, -93.2879, 0, 130.478)

[node name="DistantTree73" parent="Foliage" index="56" instance=ExtResource("21_iipbe")]
transform = Transform3D(-0.969067, 0, -0.246796, 0, 1, 0, 0.246796, 0, -0.969067, -106.788, 0, 130.478)

[node name="DistantTree74" parent="Foliage" index="57" instance=ExtResource("21_iipbe")]
transform = Transform3D(-0.969067, 0, -0.246796, 0, 1, 0, 0.246796, 0, -0.969067, -131.788, 0, 128.478)

[node name="DistantTree75" parent="Foliage" index="58" instance=ExtResource("21_iipbe")]
transform = Transform3D(-0.962635, 0, 0.270802, 0, 1, 0, -0.270802, 0, -0.962635, -68.2879, 0, 130.478)

[node name="DistantTree2" parent="Foliage" index="59" instance=ExtResource("20_42j3l")]
transform = Transform3D(1.52774, 0, 1.04332, 0, 1.85, 0, -1.04332, 0, 1.52774, -19.6579, 0, 31.9326)

[node name="DistantTree3" parent="Foliage" index="60" instance=ExtResource("20_42j3l")]
transform = Transform3D(1.76302, 0, -0.560584, 0, 1.85, 0, 0.560584, 0, 1.76302, -13.3621, 0, 54.9138)

[node name="DistantTree4" parent="Foliage" index="61" instance=ExtResource("20_42j3l")]
transform = Transform3D(1.78612, 0, 0.481933, 0, 1.85, 0, -0.481933, 0, 1.78612, -25.0021, 0, 67.3863)

[node name="DistantTree5" parent="Foliage" index="62" instance=ExtResource("20_42j3l")]
transform = Transform3D(1.69948, 0, -0.730929, 0, 1.85, 0, 0.730929, 0, 1.69948, -11.9939, 0, 83.2671)

[node name="DistantTree6" parent="Foliage" index="63" instance=ExtResource("20_42j3l")]
transform = Transform3D(1.84672, 0, 0.110103, 0, 1.85, 0, -0.110103, 0, 1.84672, -29.7994, 0, 96.6926)

[node name="DistantTree7" parent="Foliage" index="64" instance=ExtResource("21_iipbe")]
transform = Transform3D(0.803763, 0, 0.594949, 0, 1, 0, -0.594949, 0, 0.803763, -11.6909, 0, 40.2113)

[node name="DistantTree8" parent="Foliage" index="65" instance=ExtResource("21_iipbe")]
transform = Transform3D(0.863888, 0, -0.503684, 0, 1, 0, 0.503684, 0, 0.863888, -26.0336, 0, 55.2926)

[node name="DistantTree9" parent="Foliage" index="66" instance=ExtResource("21_iipbe")]
transform = Transform3D(0.989417, 0, 0.145099, 0, 1, 0, -0.145099, 0, 0.989417, -16.8493, 0, 72.4705)

[node name="DistantTree10" parent="Foliage" index="67" instance=ExtResource("21_iipbe")]
transform = Transform3D(0.955896, 0, -0.293707, 0, 1, 0, 0.293707, 0, 0.955896, -21.1619, 0, 93.7786)

[node name="DistantTree11" parent="Foliage" index="68" instance=ExtResource("21_iipbe")]
transform = Transform3D(0.941164, 0, 0.33795, 0, 1, 0, -0.33795, 0, 0.941164, -29.5867, 0, 14.9488)

[node name="DistantTree12" parent="Foliage" index="69" instance=ExtResource("21_iipbe")]
transform = Transform3D(0.710579, 0, 0.255152, 0, 0.755, 0, -0.255152, 0, 0.710579, -39.4951, 0, 24.5726)

[node name="DistantTree13" parent="Foliage" index="70" instance=ExtResource("21_iipbe")]
transform = Transform3D(0.684274, 0, -0.319053, 0, 0.755, 0, 0.319053, 0, 0.684274, -39.4951, 0, 45.0729)

[node name="DistantTree14" parent="Foliage" index="71" instance=ExtResource("21_iipbe")]
transform = Transform3D(0.748882, 0, 0.0959207, 0, 0.755, 0, -0.0959207, 0, 0.748882, -39.4951, 0, 62.5591)

[node name="DistantTree15" parent="Foliage" index="72" instance=ExtResource("21_iipbe")]
transform = Transform3D(0.686566, 0, -0.314088, 0, 0.755, 0, 0.314088, 0, 0.686566, -39.4951, 0, 77.7215)

[node name="DistantTree16" parent="Foliage" index="73" instance=ExtResource("21_iipbe")]
transform = Transform3D(0.750292, 0, 0.0841852, 0, 0.755, 0, -0.0841852, 0, 0.750292, -39.4951, 0, 91.2134)

[node name="VeryDistantTree1" parent="Foliage" index="74" instance=ExtResource("22_em0fu")]
transform = Transform3D(-4.37114e-08, 0, 1, 0, 1, 0, -1, 0, -4.37114e-08, -49, 0, 10)

[node name="VeryDistantTree2" parent="Foliage" index="75" instance=ExtResource("22_em0fu")]
transform = Transform3D(-4.37114e-08, 0, 1, 0, 1, 0, -1, 0, -4.37114e-08, -49, 0, 24)

[node name="VeryDistantTree3" parent="Foliage" index="76" instance=ExtResource("22_em0fu")]
transform = Transform3D(-4.37114e-08, 0, 1, 0, 1, 0, -1, 0, -4.37114e-08, -49, 0, 43.5)

[node name="VeryDistantTree4" parent="Foliage" index="77" instance=ExtResource("22_em0fu")]
transform = Transform3D(-4.37114e-08, 0, 1, 0, 1, 0, -1, 0, -4.37114e-08, -49, 0, 60.5)

[node name="VeryDistantTree5" parent="Foliage" index="78" instance=ExtResource("22_em0fu")]
transform = Transform3D(-4.37114e-08, 0, 1, 0, 1, 0, -1, 0, -4.37114e-08, -55.781, 0, 78)

[node name="VeryDistantTree7" parent="Foliage" index="79" instance=ExtResource("22_em0fu")]
transform = Transform3D(-4.37114e-08, 0, 1, 0, 1, 0, -1, 0, -4.37114e-08, -40.9129, 0, 72.1067)

[node name="VeryDistantTree8" parent="Foliage" index="80" instance=ExtResource("22_em0fu")]
transform = Transform3D(-4.37114e-08, 0, 1, 0, 1, 0, -1, 0, -4.37114e-08, -40.9129, 0, 53.1198)

[node name="VeryDistantTree9" parent="Foliage" index="81" instance=ExtResource("22_em0fu")]
transform = Transform3D(-4.37114e-08, 0, 1, 0, 1, 0, -1, 0, -4.37114e-08, -55.9606, 0, 32.8347)

[node name="VeryDistantTree10" parent="Foliage" index="82" instance=ExtResource("22_em0fu")]
transform = Transform3D(-4.37114e-08, 0, 1, 0, 1, 0, -1, 0, -4.37114e-08, -71.3905, 0, 16.9382)

[node name="VeryDistantTree11" parent="Foliage" index="83" instance=ExtResource("22_em0fu")]
transform = Transform3D(-4.37114e-08, 0, 1, 0, 1, 0, -1, 0, -4.37114e-08, -85.0309, 0, 46.0885)

[node name="VeryDistantTree12" parent="Foliage" index="84" instance=ExtResource("22_em0fu")]
transform = Transform3D(-4.37114e-08, 0, 1, 0, 1, 0, -1, 0, -4.37114e-08, -69.4975, 0, 74.06)

[node name="VeryDistantTree13" parent="Foliage" index="85" instance=ExtResource("22_em0fu")]
transform = Transform3D(-4.37114e-08, 0, 1, 0, 1, 0, -1, 0, -4.37114e-08, -69.4975, 0, 58.7269)

[node name="VeryDistantTree14" parent="Foliage" index="86" instance=ExtResource("22_em0fu")]
transform = Transform3D(-4.37114e-08, 0, 1, 0, 1, 0, -1, 0, -4.37114e-08, -81.9554, 0, 91.7269)

[node name="VeryDistantTree6" parent="Foliage" index="87" instance=ExtResource("22_em0fu")]
transform = Transform3D(-4.37114e-08, 0, 1, 0, 1, 0, -1, 0, -4.37114e-08, -49, 0, 93)

[node name="DistantTree17" parent="Foliage" index="88" instance=ExtResource("20_42j3l")]
transform = Transform3D(-1.82624, 0, 0.295557, 0, 1.85, 0, -0.295557, 0, -1.82624, 31.5333, 0, 96.6707)

[node name="DistantTree18" parent="Foliage" index="89" instance=ExtResource("20_42j3l")]
transform = Transform3D(-1.52774, 0, -1.04332, 0, 1.85, 0, 1.04332, 0, -1.52774, 40.8439, 0, 72.7768)

[node name="DistantTree19" parent="Foliage" index="90" instance=ExtResource("20_42j3l")]
transform = Transform3D(-1.76302, 0, 0.560584, 0, 1.85, 0, -0.560584, 0, -1.76302, 34.5481, 0, 49.7956)

[node name="DistantTree20" parent="Foliage" index="91" instance=ExtResource("20_42j3l")]
transform = Transform3D(-1.78612, 0, -0.481933, 0, 1.85, 0, 0.481933, 0, -1.78612, 46.1881, 0, 37.323)

[node name="DistantTree21" parent="Foliage" index="92" instance=ExtResource("20_42j3l")]
transform = Transform3D(-1.69948, 0, 0.730929, 0, 1.85, 0, -0.730929, 0, -1.69948, 33.18, 0, 21.4423)

[node name="DistantTree22" parent="Foliage" index="93" instance=ExtResource("20_42j3l")]
transform = Transform3D(-1.84672, 0, -0.110104, 0, 1.85, 0, 0.110104, 0, -1.84672, 50.9854, 0, 8.01671)

[node name="DistantTree23" parent="Foliage" index="94" instance=ExtResource("21_iipbe")]
transform = Transform3D(-0.803763, 0, -0.594949, 0, 1, 0, 0.594949, 0, -0.803763, 32.877, 0, 64.4981)

[node name="DistantTree24" parent="Foliage" index="95" instance=ExtResource("21_iipbe")]
transform = Transform3D(-0.863888, 0, 0.503684, 0, 1, 0, -0.503684, 0, -0.863888, 47.2196, 0, 49.4167)

[node name="DistantTree25" parent="Foliage" index="96" instance=ExtResource("21_iipbe")]
transform = Transform3D(-0.989417, 0, -0.145099, 0, 1, 0, 0.145099, 0, -0.989417, 38.0353, 0, 32.2388)

[node name="DistantTree26" parent="Foliage" index="97" instance=ExtResource("21_iipbe")]
transform = Transform3D(-0.955896, 0, 0.293707, 0, 1, 0, -0.293707, 0, -0.955896, 42.348, 0, 10.9307)

[node name="DistantTree27" parent="Foliage" index="98" instance=ExtResource("21_iipbe")]
transform = Transform3D(-0.941164, 0, -0.33795, 0, 1, 0, 0.33795, 0, -0.941164, 50.7728, 0, 89.7605)

[node name="DistantTree28" parent="Foliage" index="99" instance=ExtResource("21_iipbe")]
transform = Transform3D(-0.710579, 0, -0.255152, 0, 0.755, 0, 0.255152, 0, -0.710579, 60.6812, 0, 80.1367)

[node name="DistantTree29" parent="Foliage" index="100" instance=ExtResource("21_iipbe")]
transform = Transform3D(-0.684274, 0, 0.319053, 0, 0.755, 0, -0.319053, 0, -0.684274, 60.6812, 0, 59.6364)

[node name="DistantTree30" parent="Foliage" index="101" instance=ExtResource("21_iipbe")]
transform = Transform3D(-0.748882, 0, -0.0959207, 0, 0.755, 0, 0.0959207, 0, -0.748882, 60.6812, 0, 42.1503)

[node name="DistantTree31" parent="Foliage" index="102" instance=ExtResource("21_iipbe")]
transform = Transform3D(-0.686566, 0, 0.314088, 0, 0.755, 0, -0.314088, 0, -0.686566, 60.6812, 0, 26.9879)

[node name="DistantTree32" parent="Foliage" index="103" instance=ExtResource("21_iipbe")]
transform = Transform3D(-0.750292, 0, -0.0841853, 0, 0.755, 0, 0.0841853, 0, -0.750292, 60.6812, 0, 13.4959)

[node name="VeryDistantTree15" parent="Foliage" index="104" instance=ExtResource("22_em0fu")]
transform = Transform3D(1.31134e-07, 0, -1, 0, 1, 0, 1, 0, 1.31134e-07, 70.1861, 0, 94.7093)

[node name="VeryDistantTree16" parent="Foliage" index="105" instance=ExtResource("22_em0fu")]
transform = Transform3D(1.31134e-07, 0, -1, 0, 1, 0, 1, 0, 1.31134e-07, 70.1861, 0, 80.7093)

[node name="VeryDistantTree17" parent="Foliage" index="106" instance=ExtResource("22_em0fu")]
transform = Transform3D(1.31134e-07, 0, -1, 0, 1, 0, 1, 0, 1.31134e-07, 70.1861, 0, 61.2093)

[node name="VeryDistantTree18" parent="Foliage" index="107" instance=ExtResource("22_em0fu")]
transform = Transform3D(1.31134e-07, 0, -1, 0, 1, 0, 1, 0, 1.31134e-07, 70.1861, 0, 44.2093)

[node name="VeryDistantTree19" parent="Foliage" index="108" instance=ExtResource("22_em0fu")]
transform = Transform3D(1.31134e-07, 0, -1, 0, 1, 0, 1, 0, 1.31134e-07, 76.9671, 0, 26.7093)

[node name="VeryDistantTree20" parent="Foliage" index="109" instance=ExtResource("22_em0fu")]
